   9.77517105638980865478515625000000000E-0003     9.77501538106793560618842123520995333E-0003
   1.95503421127796173095703125000000000E-0002     1.95490967280549890381045935964673760E-0002
   2.93255131691694259643554687500000000E-0002     2.93213100961302312150636122717004959E-0002
   3.91006842255592346191406250000000000E-0002     3.90907217189541111241961850947135535E-0002
   4.88758552819490432739257812500000000E-0002     4.88563980979028253708479157326873407E-0002
   5.86510263383388519287109375000000000E-0002     5.86174060912671066303801574029469293E-0002
   6.84261973947286605834960937500000000E-0002     6.83728130034169077709590360661387901E-0002
   7.82013684511184692382812500000000000E-0002     7.81216866739234616756972961792003289E-0002
   8.79765395075082778930664062500000000E-0002     8.78630955666302008654023006443834433E-0002
   9.77517105638980865478515625000000000E-0002     9.75961088586640259097936419798090377E-0002
  0.107526881620287895202636718750000000          0.107319796529378417314918462687368954      
  0.117302052676677703857421875000000000          0.117033229449219892087067098951915266      
  0.127077223733067512512207031250000000          0.126735479468509313498153755782245812      
  0.136852394789457321166992187500000000          0.136425619506129570713576698536585987      
  0.146627565845847129821777343750000000          0.146102723638111153890232479803985116      
  0.156402736902236938476562500000000000          0.155765867186107160108774129768431401      
  0.166177907958626747131347656250000000          0.165414126805749276069441765670653311      
  0.175953079015016555786132812500000000          0.175046580574876294853846179365717244      
  0.185728250071406364440917968750000000          0.184662308081626736234864909635965454      
  0.195503421127796173095703125000000000          0.194260390512387153002152280903679567      
  0.205278592184185981750488281250000000          0.203839910739587719560429101209472718      
  0.215053763240575790405273437500000000          0.213399953409336713650386513123985716      
  0.224828934296965599060058593750000000          0.222939605028885517436317505320357970      
  0.234604105353355407714843750000000000          0.232457954053915780399007847103841633      
  0.244379276409745216369628906250000000          0.241954090975640403465428274651983602      
  0.254154447466135025024414062500000000          0.251427108407710021596747899433425941      
  0.263929618522524833679199218750000000          0.260876101172916680641435136758468163      
  0.273704789578914642333984375000000000          0.270300166389686423638951085756386629      
  0.283479960635304450988769531250000000          0.279698403558352521929919530623811524      
  0.293255131691694259643554687500000000          0.289069914647201107388750232296273745      
  0.303030302748084068298339843750000000          0.298413804178280983842495135676690713      
  0.312805473804473876953125000000000000          0.307729179312969418273152457864054300      
  0.322580644860863685607910156250000000          0.317015149937285735717548205422040824      
  0.332355815917253494262695312500000000          0.326270828746944565877090487614561634      
  0.342130986973643302917480468750000000          0.335495331332140614326806390655175944      
  0.351906158030033111572265625000000000          0.344687776262056856866757067275713707      
  0.361681329086422920227050781250000000          0.353847285169088081986732784324855176      
  0.371456500142812728881835937500000000          0.362972982832771733614530696999609918      
  0.381231671199202537536621093750000000          0.372063997263418034286515091659653736      
  0.391006842255592346191406250000000000          0.381119459785431397613880289914398215      
  0.400782013311982154846191406250000000          0.390138505120315168416334640076691452      
  0.410557184368371963500976562500000000          0.399120271469351759153981381109476962      
  0.420332355424761772155761718750000000          0.408063900595950282305097298841651846      
  0.430107526481151580810546875000000000          0.416968537907653810109339237788430178      
  0.439882697537541389465332031250000000          0.425833332537798425619605784171375333      
  0.449657868593931198120117187500000000          0.434657437426816262278239053075554706      
  0.459433039650321006774902343750000000          0.443440009403174763251290205032495337      
  0.469208210706710815429687500000000000          0.452180209263944426514941551940515395      
  0.478983381763100624084472656250000000          0.460877201854987337187556424326373281      
  0.488758552819490432739257812500000000          0.469530156150758824835823282023493871      
  0.498533723875880241394042968750000000          0.478138245333714620450610488337544105      
  0.508308894932270050048828125000000000          0.486700646873315925483920403911404078      
  0.518084065988659858703613281250000000          0.495216542604624843759124038811955304      
  0.527859237045049667358398437500000000          0.503685118806482666208799199843762318      
  0.537634408101439476013183593750000000          0.512105566279263538254245727530475804      
  0.547409579157829284667968750000000000          0.520477080422196080214302306536118847      
  0.557184750214219093322753906250000000          0.528798861310245572414563521565570575      
  0.566959921270608901977539062500000000          0.537070113770549358657548549577911918      
  0.576735092326998710632324218750000000          0.545290047458398164405791901545625884      
  0.586510263383388519287109375000000000          0.553457876932756069419132650942323819      
  0.596285434439778327941894531250000000          0.561572821731311918670525624245007302      
  0.606060605496168136596679687500000000          0.569634106445055000137273804417585184      
  0.615835776552557945251464843750000000          0.577640960792367863522407548341024957      
  0.625610947608947753906250000000000000          0.585592619692629200099669502321877915      
  0.635386118665337562561035156250000000          0.593488323339319750690795612152671889      
  0.645161289721727371215820312500000000          0.601327317272624256271039020146322281      
  0.654936460778117179870605468750000000          0.609108852451522513853627361420087274      
  0.664711631834506988525390625000000000          0.616832185325362649121473675205181248      
  0.674486802890896797180175781250000000          0.624496577904909766750312152966014784      
  0.684261973947286605834960937500000000          0.632101297832863189496774677330937468      
  0.694037145003676414489746093750000000          0.639645618453835547902972544544988526      
  0.703812316060066223144531250000000000          0.647128818883787033891047902914773383      
  0.713587487116456031799316406250000000          0.654550184078908183581997752990735720      
  0.723362658172845840454101562500000000          0.661909004903944607367875261894956414      
  0.733137829229235649108886718750000000          0.669204578199957138590203486870058358      
  0.742913000285625457763671875000000000          0.676436206851510926125000128283842983      
  0.752688171342015266418457031250000000          0.683603199853287050741053777199926926      
  0.762463342398405075073242187500000000          0.690704872376110300277798307743500456      
  0.772238513454794883728027343750000000          0.697740545832386794477029991894149170      
  0.782013684511184692382812500000000000          0.704709547940945206693470871392949362      
  0.791788855567574501037597656250000000          0.711611212791275386697413590221732815      
  0.801564026623964309692382812500000000          0.718444880907158246362941863226989571      
  0.811339197680354118347167968750000000          0.725209899309680828202005053439573200      
  0.821114368736743927001953125000000000          0.731905621579630535452376929627897859      
  0.830889539793133735656738281250000000          0.738531407919262561750634040470722204      
  0.840664710849523544311523437500000000          0.745086625213434618314079759401756719      
  0.850439881905913352966308593750000000          0.751570647090103117012292976364382491      
  0.860215052962303161621093750000000000          0.757982853980175028723918802715399993      
  0.869990224018692970275878906250000000          0.764322633176709697941612340214274307      
  0.879765395075082778930664062500000000          0.770589378893464956701812591990660501      
  0.889540566131472587585449218750000000          0.776782492322781943570326792974342887      
  0.899315737187862396240234375000000000          0.782901381692803096603558989813343291      
  0.909090908244252204895019531250000000          0.788945462324017852922582708111839183      
  0.918866079300642013549804687500000000          0.794914156685130651777047609142957846      
  0.928641250357031822204589843750000000          0.800806894448245902731985840991059427      
  0.938416421413421630859375000000000000          0.806623112543364645876757679553647526      
  0.948191592469811439514160156250000000          0.812362255212187696725411640675590269      
  0.957966763526201248168945312500000000          0.818023774061220134745346987987403940      
  0.967741934582591056823730468750000000          0.823607128114172061210024378770668267      
  0.977517105638980865478515625000000000          0.829111783863650619315194259330018433      
  0.987292276695370674133300781250000000          0.834537215322138337220277188358573487      
  0.997067447751760482788085937500000000          0.839882904072252922870664461544461232      
   1.00684261880815029144287109375000000          0.845148339316283708116295064870441565      
   1.01661778986454010009765625000000000          0.850333017925000008760345453825340705      
   1.02639296092092990875244140625000000          0.855436444485726736742637448513094299      
   1.03616813197731971740722656250000000          0.860458131349682670678778940250330376      
   1.04594330303370952606201171875000000          0.865397598678576861431411831133978569      
   1.05571847409009933471679687500000000          0.870254374490458720277519438572336377      
   1.06549364514648914337158203125000000          0.875027994704817408548767956417672870      
   1.07526881620287895202636718750000000          0.879718003186926219353509285035475501      
   1.08504398725926876068115234375000000          0.884323951791427714132501434840436109      
   1.09481915831565856933593750000000000          0.888845400405155449348714235433535496      
   1.10459432937204837799072265625000000          0.893281916989188201557850021564599999      
   1.11436950042843818664550781250000000          0.897633077620132672443451068358426034      
   1.12414467148482799530029296875000000          0.901898466530630729121680202809043443      
   1.13391984254121780395507812500000000          0.906077676149087309119003927885605903      
   1.14369501359760761260986328125000000          0.910170307138615193893998244420409473      
   1.15347018465399742126464843750000000          0.914175968435192929605220488823072460      
   1.16324535571038722991943359375000000          0.918094277285032249013395605909919878      
   1.17302052676677703857421875000000000          0.921924859281151423940868053081146992      
   1.18279569782316684722900390625000000          0.925667348399151053587153401531763501      
   1.19257086887955665588378906250000000          0.929321387032188870209236478104566488      
   1.20234603993594646453857421875000000          0.932886626025150220211723485669278562      
   1.21212121099233627319335937500000000          0.936362724708010955547750646179498831      
   1.22189638204872608184814453125000000          0.939749350928389547499337711019085460      
   1.23167155310511589050292968750000000          0.943046181083285312378277548391079393      
   1.24144672416150569915771484375000000          0.946252900149999716458270210676485536      
   1.25122189521789550781250000000000000          0.949369201716237805508410269465786885      
   1.26099706627428531646728515625000000          0.952394788009386882639860956197909485      
   1.27077223733067512512207031250000000          0.955329369924969636794111958885535471      
   1.28054740838706493377685546875000000          0.958172667054269003085107535411827725      
   1.29032257944345474243164062500000000          0.960924407711122115351210302596928601      
   1.30009775049984455108642578125000000          0.963584328957880790668871215236396325      
   1.30987292155623435974121093750000000          0.966152176630536065220421327144264671      
   1.31964809261262416839599609375000000          0.968627705363004380785976017297409144      
   1.32942326366901397705078125000000000          0.971010678610573101236414909903856450      
   1.33919843472540378570556640625000000          0.973300868672503118733116239371339685      
   1.34897360578179359436035156250000000          0.975498056713786389882907243246677792      
   1.35874877683818340301513671875000000          0.977602032786056322845846186926117304      
   1.36852394789457321166992187500000000          0.979612595847649017341260992567094814      
   1.37829911895096302032470703125000000          0.981529553782813440636199338272605922      
   1.38807429000735282897949218750000000          0.983352723420068703922342446311450673      
   1.39784946106374263763427734375000000          0.985081930549706684984729022683649633      
   1.40762463212013244628906250000000000          0.986717009940438324730539616807212749      
   1.41739980317652225494384765625000000          0.988257805355182006970901695925660515      
   1.42717497423291206359863281250000000          0.989704169565992512825373360453718979      
   1.43695014528930187225341796875000000          0.991055964368129123239615727426572224      
   1.44672531634569168090820312500000000          0.992313060593261525363923668609055371      
   1.45650048740208148956298828125000000          0.993475338121812260925891872143769396      
   1.46627565845847129821777343750000000          0.994542685894434537236675892777403192      
   1.47605082951486110687255859375000000          0.995515001922624304089182235241019603      
   1.48582600057125091552734375000000000          0.996392193298465582530193079759265041      
   1.49560117162764072418212890625000000          0.997174176203508114308995495704739966      
   1.50537634268403053283691406250000000          0.997860875916776483714628128470711311      
   1.51515151374042034149169921875000000          0.998452226821909946504458112862006815      
   1.52492668479681015014648437500000000          0.998948172413432283690527345633377551      
   1.53470185585319995880126953125000000          0.999348665302151081079023234687606214      
   1.54447702690958976745605468750000000          0.999653667219685918644391398257002621      
   1.55425219796597957611083984375000000          0.999863149022125037055067809432045445      
   1.56402736902236938476562500000000000          0.999977090692810131944612154420052759      
   1.57380254007875919342041015625000000          0.999995481344249009832215331089289869      
   1.58357771113514900207519531250000000          0.999918319219155922932171501630268695      
   1.59335288219153881072998046875000000          0.999745611690619483444985943929255454      
   1.60312805324792861938476562500000000          0.999477375261398141285369466203777168      
   1.61290322430431842803955078125000000          0.999113635562343292566482796670568290      
   1.62267839536070823669433593750000000          0.998654427349950169517474426082078923      
   1.63245356641709804534912109375000000          0.998099794503036745854637772111263905      
   1.64222873747348785400390625000000000          0.997449790018550974947434532762847247      
   1.65200390852987766265869140625000000          0.996704476006506761411229119922366602      
   1.66177907958626747131347656250000000          0.995863923684049150010895429959316133      
   1.67155425064265727996826171875000000          0.994928213368649298965536890050115015      
   1.68132942169904708862304687500000000          0.993897434470429887896453108716455366      
   1.69110459275543689727783203125000000          0.992771685483621693750246126890419401      
   1.70087976381182670593261718750000000          0.991551073977152151048646718506131779      
   1.71065493486821651458740234375000000          0.990235716584366795758323629690139798      
   1.72043010592460632324218750000000000          0.988825738991884574929690729219887705      
   1.73020527698099613189697265625000000          0.987321275927588087015631637103567089      
   1.73998044803738594055175781250000000          0.985722471147749900441210337395935156      
   1.74975561909377574920654296875000000          0.984029477423296180545931123273377845      
   1.75953079015016555786132812500000000          0.982242456525208937453064002318319267      
   1.76930596120655536651611328125000000          0.980361579209068289728085674799946417      
   1.77908113226294517517089843750000000          0.978387025198736220862536638545291893      
   1.78885630331933498382568359375000000          0.976318983169183387652709857502390558      
   1.79863147437572479248046875000000000          0.974157650728460621426727229991217359      
   1.80840664543211460113525390625000000          0.971903234398816844800902514555863979      
   1.81818181648850440979003906250000000          0.969555949596965208209024106498346719      
   1.82795698754489421844482421875000000          0.967116020613499331838524525608567094      
   1.83773215860128402709960937500000000          0.964583680591461619817658567818515304      
   1.84750732965767383575439453125000000          0.961959171504065694520028899635895244      
   1.85728250071406364440917968750000000          0.959242744131575079679334501491309217      
   1.86705767177045345306396484375000000          0.956434658037340341630350559673139671      
   1.87683284282684326171875000000000000          0.953535181542996978404174367285134907      
   1.88660801388323307037353515625000000          0.950544591702826426599006895576668258      
   1.89638318493962287902832031250000000          0.947463174277282635914521217166530694      
   1.90615835599601268768310546875000000          0.944291223705686740970555819575928395      
   1.91593352705240249633789062500000000          0.941029043078092439521844327069217412      
   1.92570869810879230499267578125000000          0.937676944106324765422157633524637565      
   1.93548386916518211364746093750000000          0.934235247094195023676018143649031624      
   1.94525904022157192230224609375000000          0.930704280906894733636501474821043132      
   1.95503421127796173095703125000000000          0.927084382939571504856046604654914000      
   1.96480938233435153961181640625000000          0.923375899085089848266155063177188609      
   1.97458455339074134826660156250000000          0.919579183700980003243904068420504927      
   1.98435972444713115692138671875000000          0.915694599575577938710885611060071423      
   1.99413489550352096557617187500000000          0.911722517893359763696099655021447613      
   2.00391006655991077423095703125000000          0.907663318199473859771089919526946473      
   2.01368523761630058288574218750000000          0.903517388363474124425859767410969389      
   2.02346040867269039154052734375000000          0.899285124542257790790518411974875411      
   2.03323557972908020019531250000000000          0.894966931142211365112889781026865483      
   2.04301075078547000885009765625000000          0.890563220780568299069205393506596551      
   2.05278592184185981750488281250000000          0.886074414245982089306268297219910828      
   2.06256109289824962615966796875000000          0.881500940458318571581920297115652695      
   2.07233626395463943481445312500000000          0.876843236427671251479105896765471290      
   2.08211143501102924346923828125000000          0.872101747212603587910174503425118129      
   2.09188660606741905212402343750000000          0.867276925877622219495203510259629319      
   2.10166177712380886077880859375000000          0.862369233449885197384000625688103236      
   2.11143694818019866943359375000000000          0.857379138875149361189032458152987478      
   2.12121211923658847808837890625000000          0.852307118972961067398843175830191928      
   2.13098729029297828674316406250000000          0.847153658391094551941625105247510776      
   2.14076246134936809539794921875000000          0.841919249559242280459573904140906764      
   2.15053763240575790405273437500000000          0.836604392641961711329635029245910075      
   2.16031280346214771270751953125000000          0.831209595490882967518395956007393206      
   2.17008797451853752136230468750000000          0.825735373596181983981410733722216327      
   2.17986314557492733001708984375000000          0.820182250037323767503411766882452313      
   2.18963831663131713867187500000000000          0.814550755433080475618961687901767120      
   2.19941348768770694732666015625000000          0.808841427890829090546461651215537238      
   2.20918865874409675598144531250000000          0.803054812955133532905440130753193036      
   2.21896382980048656463623046875000000          0.797191463555616128361120745048328084      
   2.22873900085687637329101562500000000          0.791251939954123408244875404600535238      
   2.23851417191326618194580078125000000          0.785236809691191292627821671401641124      
   2.24828934296965599060058593750000000          0.779146647531814771271077616700909612      
   2.25806451402604579925537109375000000          0.772982035410527264333646730717378745      
   2.26783968508243560791015625000000000          0.766743562375794910681219353664039711      
   2.27761485613882541656494140625000000          0.760431824533731097100042750406249686      
   2.28739002719521522521972656250000000          0.754047424991136606673174345604101637      
   2.29716519825160503387451171875000000          0.747590973797870829015685289229165644      
   2.30694036930799484252929687500000000          0.741063087888559538984567056568349381      
   2.31671554036438465118408203125000000          0.734464391023644813872104518981634090      
   2.32649071142077445983886718750000000          0.727795513729782721952257446206612559      
   2.33626588247716426849365234375000000          0.721057093239594477572132168836580315      
   2.34604105353355407714843750000000000          0.714249773430776819758971022115943922      
   2.35581622458994388580322265625000000          0.707374204764577432541336090243159945      
   2.36559139564633369445800781250000000          0.700431044223641285855465118326262445      
   2.37536656670272350311279296875000000          0.693420955249233836018333823950291566      
   2.38514173775911331176757812500000000          0.686344607677847084292026465475997565      
   2.39491690881550312042236328125000000          0.679202677677194551033905878551226110      
   2.40469207987189292907714843750000000          0.671995847681601281318150513759238553      
   2.41446725092828273773193359375000000          0.664724806326795055720909842173053665      
   2.42424242198467254638671875000000000          0.657390248384105037178097227729975465      
   2.43401759304106235504150390625000000          0.649992874694074141446223750060194748      
   2.44379276409745216369628906250000000          0.642533392099491474717267143761158423      
   2.45356793515384197235107421875000000          0.635012513377851237353014052934488402      
   2.46334310621023178100585937500000000          0.627430957173244547507316155180898132      
   2.47311827726662158966064453125000000          0.619789447927690692591024784481035694      
   2.48289344832301139831542968750000000          0.612088715811914370098836800364897373      
   2.49266861937940120697021484375000000          0.604329496655575532254778354709632494      
   2.50244379043579101562500000000000000          0.596512531876958501238514550023096583      
   2.51221896149218082427978515625000000          0.588638568412127073423103809525318898      
   2.52199413254857063293457031250000000          0.580708358643552382081279005398615212      
   2.53176930360496044158935546875000000          0.572722660328220338396957274969754479      
   2.54154447466135025024414062500000000          0.564682236525225520346643061001372545      
   2.55131964571774005889892578125000000          0.556587855522858428086942575335258189      
   2.56109481677412986755371093750000000          0.548440290765193072894863660458247230      
   2.57086998783051967620849609375000000          0.540240320778181914452307136787455324      
   2.58064515888690948486328125000000000          0.531988729095265208340602012262423062      
   2.59042032994329929351806640625000000          0.523686304182501872010599280815415340      
   2.60019550099968910217285156250000000          0.515333839363229023214283810865839374      
   2.60997067205607891082763671875000000          0.506932132742257389920722288967226940      
   2.61974584311246871948242187500000000          0.498481987129609835088133920807303735      
   2.62952101416885852813720703125000000          0.489984209963810283320711915675531285      
   2.63929618522524833679199218750000000          0.481439613234730379399366140015245345      
   2.64907135628163814544677734375000000          0.472849013406001250935695703116187123      
   2.65884652733802795410156250000000000          0.464213231336997788954196541572505107      
   2.66862169839441776275634765625000000          0.455533092204402901054992518726073604      
   2.67839686945080757141113281250000000          0.446809425423359231944346061951119284      
   2.68817204050719738006591796875000000          0.438043064568215885539020899403236591      
   2.69794721156358718872070312500000000          0.429234847292877721549468434366073175      
   2.70772238261997699737548828125000000          0.420385615250764837422092905627244101      
   2.71749755367636680603027343750000000          0.411496214014389883768890066216167839      
   2.72727272473275661468505859375000000          0.402567492994560897929990500655229592      
   2.73704789578914642333984375000000000          0.393600305359217376097582553516719273      
   2.74682306684553623199462890625000000          0.384595507951907339474921984453676218      
   2.75659823790192604064941406250000000          0.375553961209913184248307212616140952      
   2.76637340895831584930419921875000000          0.366476529082034138709732492806654242      
   2.77614858001470565795898437500000000          0.357364078946033183680219827111046945      
   2.78592375107109546661376953125000000          0.348217481525756324445438539628350419      
   2.79569892212748527526855468750000000          0.339037610807932133723085638797398717      
   2.80547409318387508392333984375000000          0.329825343958659515732628794808238557      
   2.81524926424026489257812500000000000          0.320581561239591671229487710328924043      
   2.82502443529665470123291015625000000          0.311307145923824272394702190356559203      
   2.83479960635304450988769531250000000          0.302002984211495884734832509956776376      
   2.84457477740943431854248046875000000          0.292669965145108700642559050033331118      
   2.85434994846582412719726562500000000          0.283308980524577675993566316677484980      
   2.86412511952221393585205078125000000          0.273920924822016187107257708304236938      
   2.87390029057860374450683593750000000          0.264506695096266350575171953530165269      
   2.88367546163499355316162109375000000          0.255067190907182172859254333000757318      
   2.89345063269138336181640625000000000          0.245603314229673720180044285993256475      
   2.90322580374777317047119140625000000          0.236115969367520522050119020674812432      
   2.91300097480416297912597656250000000          0.226606062866962443858598311307952992      
   2.92277614586055278778076171875000000          0.217074503430076285176061783736816817      
   2.93255131691694259643554687500000000          0.207522201827946380923824862106704344      
   2.94232648797333240509033203125000000          0.197950070813637502235206761737607523      
   2.95210165902972221374511718750000000          0.188359025034978372727322625925111148      
   2.96187683008611202239990234375000000          0.178749980947164133998237032199661779      
   2.97165200114250183105468750000000000          0.169123856725186111464298476224267065      
   2.98142717219889163970947265625000000          0.159481572176097248154481010230956017      
   2.99120234325528144836425781250000000          0.149824048651121589781013148016700439      
   3.00097751431167125701904296875000000          0.140152208957616219306975030188227030      
   3.01075268536806106567382812500000000          0.130466977270894053330468794899766930      
   3.02052785642445087432861328125000000          0.120769279045915925900066923351091389      
   3.03030302748084068298339843750000000          0.111060040928860397866248636362261160      
   3.04007819853723049163818359375000000          0.101340190668579741557251748337548761      
   3.04985336959362030029296875000000000           9.16106570279505614440803211981809380E-0002
   3.05962854065001010894775390625000000           8.18723696951275215272777368063123762E-0002
   3.06940371170639991760253906250000000           7.21262591947086594365384048108805463E-0002
   3.07917888276278972625732421875000000           6.23732567988207756824045678189114958E-0002
   3.08895405381917953491210937500000000           5.26142944381333941363703072755812026E-0002
   3.09872922487556934356689453125000000           4.28503046128097966409631443432844518E-0002
   3.10850439593195915222167968750000000           3.30822203034036406641423960324534081E-0002
   3.11827956698834896087646484375000000           2.33109748817096741120681485085255655E-0002
   3.12805473804473876953125000000000000           1.35375020215770658004584974582727780E-0002
   3.13782990910112857818603515625000000           3.76273560969387365694646762258564757E-0003
   3.14760508015751838684082031250000000          -6.01239034364882451526957448290562738E-0003
   3.15738025121390819549560546875000000          -1.57869417938046109388806835449280215E-0002
   3.16715542227029800415039062500000000          -2.55599847510226905268790000090722354E-0002
   3.17693059332668781280517578125000000          -3.53305853696936080940995094638670580E-0002
   3.18670576438307762145996093750000000          -4.50978100375811924012849408275430005E-0002
   3.19648093543946743011474609375000000          -5.48607254650322006331371882352645055E-0002
   3.20625610649585723876953125000000000          -6.46183987741551390426137178995339401E-0002
   3.21603127755224704742431640625000000          -7.43698975879597384390436287378740524E-0002
   3.22580644860863685607910156250000000          -8.41142901194485669571939398166802114E-0002
   3.23558161966502666473388671875000000          -9.38506452606522671178530410198502409E-0002
   3.24535679072141647338867187500000000         -0.103578032671599909577378059297953385      
   3.25513196177780628204345703125000000         -0.113295522869215962163461427739130817      
   3.26490713283419609069824218750000000         -0.123002187316135379806516786930247608      
   3.27468230389058589935302734375000000         -0.132697098509428328799895464709273537      
   3.28445747494697570800781250000000000         -0.142379330069226067456874581194099127      
   3.29423264600336551666259765625000000         -0.152047956827239514677181234773689297      
   3.30400781705975532531738281250000000         -0.161702054915162048189831758386065898      
   3.31378298811614513397216796875000000         -0.171340701852948085301290889897405750      
   3.32355815917253494262695312500000000         -0.180962976636959010847335844566161837      
   3.33333333022892475128173828125000000         -0.190567959827968029722410554072209436      
   3.34310850128531455993652343750000000         -0.200154733639015534840464570250625955      
   3.35288367234170436859130859375000000         -0.209722382023106595665001245251949003      
   3.36265884339809417724609375000000000         -0.219269990760742187531945937116721011      
   3.37243401445448398590087890625000000         -0.228796647547275797875545645881294383      
   3.38220918551087379455566406250000000         -0.238301442080087062153308644662500773      
   3.39198435656726360321044921875000000         -0.247783466145564099749391951249198563      
   3.40175952762365341186523437500000000         -0.257241813705886238415175293665536532      
   3.41153469868004322052001953125000000         -0.266675580985598834879275909259657518      
   3.42130986973643302917480468750000000         -0.276083866557971919125136545495076394      
   3.43108504079282283782958984375000000         -0.285465771431134410490661153398682540      
   3.44086021184921264648437500000000000         -0.294820399133975675189205201787591151      
   3.45063538290560245513916015625000000         -0.304146855801806217082501169415976796      
   3.46041055396199226379394531250000000         -0.313444250261769316551690323532637343      
   3.47018572501838207244873046875000000         -0.322711694117995456110340153502158136      
   3.47996089607477188110351562500000000         -0.331948301836491395980878849742637528      
   3.48973606713116168975830078125000000         -0.341153190829755788210925537323069736      
   3.49951123818755149841308593750000000         -0.350325481541113244036114834025620966      
   3.50928640924394130706787109375000000         -0.359464297528758796098709887726146911      
   3.51906158030033111572265625000000000         -0.368568765549504724803998718705200795      
   3.52883675135672092437744140625000000         -0.377638015642221746536530233639949557      
   3.53861192241311073303222656250000000         -0.386671181210966590662951150420226427      
   3.54838709346950054168701171875000000         -0.395667399107788022214762673331276948      
   3.55816226452589035034179687500000000         -0.404625809715203397869862685831052762      
   3.56793743558228015899658203125000000         -0.413545557028337874333339558535339248      
   3.57771260663866996765136718750000000         -0.422425788736718420452629235195458026      
   3.58748777769505977630615234375000000         -0.431265656305714817386757935608462968      
   3.59726294875144958496093750000000000         -0.440064315057619864880816816163889696      
   3.60703811980783939361572265625000000         -0.448820924252361046171829110320186813      
   3.61681329086422920227050781250000000         -0.457534647167835939267480434506576439      
   3.62658846192061901092529296875000000         -0.466204651179863698291424153894748332      
   3.63636363297700881958007812500000000         -0.474830107841744965274610605186249420      
   3.64613880403339862823486328125000000         -0.483410192963422610187816130155638183      
   3.65591397508978843688964843750000000         -0.491944086690235735152690091405591596      
   3.66568914614617824554443359375000000         -0.500430973581259417633550716567692582      
   3.67546431720256805419921875000000000         -0.508870042687222706996130081925049776      
   3.68523948825895786285400390625000000         -0.517260487627997429118712425860457878      
   3.69501465931534767150878906250000000         -0.525601506669650394751777554601572594      
   3.70478983037173748016357421875000000         -0.533892302801051649040433666581368547      
   3.71456500142812728881835937500000000         -0.542132083810031442045615172124896745      
   3.72434017248451709747314453125000000         -0.550320062359078643221177493411417410      
   3.73411534354090690612792968750000000         -0.558455456060573366620522030903755299      
   3.74389051459729671478271484375000000         -0.566537487551546618114043669417785796      
   3.75366568565368652343750000000000000         -0.574565384567959821093257520094877101      
   3.76344085671007633209228515625000000         -0.582538380018497123014612568119930963      
   3.77321602776646614074707031250000000         -0.590455712057863431691353811133990576      
   3.78299119882285594940185546875000000         -0.598316624159581177470902816492917745      
   3.79276636987924575805664062500000000         -0.606120365188278845333576503994838120      
   3.80254154093563556671142578125000000         -0.613866189471464369511478533435567317      
   3.81231671199202537536621093750000000         -0.621553356870776532449436591505714909      
   3.82209188304841518402099609375000000         -0.629181132852707559808218710824802641      
   3.83186705410480499267578125000000000         -0.636748788558790153739176478009043214      
   3.84164222516119480133056640625000000         -0.644255600875242257834104397676388737      
   3.85141739621758460998535156250000000         -0.651700852502062898969582874034549425      
   3.86119256727397441864013671875000000         -0.659083832021572503716436115993579466      
   3.87096773833036422729492187500000000         -0.666403833966391140067173869499094674      
   3.88074290938675403594970703125000000         -0.673660158886848188942325053888792382      
   3.89051808044314384460449218750000000         -0.680852113417817004265280152078992214      
   3.90029325149953365325927734375000000         -0.687979010344968175339446294863116968      
   3.91006842255592346191406250000000000         -0.695040168670435060815934294196251625      
   3.91984359361231327056884765625000000         -0.702034913677885319699332016430376439      
   3.92961876466870307922363281250000000         -0.708962576996992221598007239405105076      
   3.93939393572509288787841796875000000         -0.715822496667299575778402013168645792      
   3.94916910678148269653320312500000000         -0.722614017201474176524449277943746403      
   3.95894427783787250518798828125000000         -0.729336489647939720828024572421558924      
   3.96871944889426231384277343750000000         -0.735989271652886213538648859869691651      
   3.97849461995065212249755859375000000         -0.742571727521648934774835394190822184      
   3.98826979100704193115234375000000000         -0.749083228279451104639822083909932455      
   3.99804496206343173980712890625000000         -0.755523151731504441085194830529551606      
   4.00782013311982154846191406250000000         -0.761890882522461868121277110704050413      
   4.01759530417621135711669921875000000         -0.768185812195216693477273936815622166      
   4.02737047523260116577148437500000000         -0.774407339249042637261099131194632139      
   4.03714564628899097442626953125000000         -0.780554869197069156152616579873245009      
   4.04692081734538078308105468750000000         -0.786627814623086571178670488067100404      
   4.05669598840177059173583984375000000         -0.792625595237675571157697613502770064      
   4.06647115945816040039062500000000000         -0.798547637933655728459786833405370553      
   4.07624633051455020904541015625000000         -0.804393376840847728798609475493225700      
   4.08602150157094001770019531250000000         -0.810162253380144082348469912104715685      
   4.09579667262732982635498046875000000         -0.815853716316883149556553903485147954      
   4.10557184368371963500976562500000000         -0.821467221813521381590968228379941298      
   4.11534701474010944366455078125000000         -0.827002233481598742423008231027386422      
   4.12512218579649925231933593750000000         -0.832458222432992347080852451370460500      
   4.13489735685288906097412109375000000         -0.837834667330453418625111944367246929      
   4.14467252790927886962890625000000000         -0.843131054437422734877857352489001119      
   4.15444769896566867828369140625000000         -0.848346877667119804879365674919258755      
   4.16422287002205848693847656250000000         -0.853481638630901084444283289183818997      
   4.17399804107844829559326171875000000         -0.858534846685882610034560976513594618      
   4.18377321213483810424804687500000000         -0.863506018981822500453706504347984999      
   4.19354838319122791290283203125000000         -0.868394680507258846588904561537310491      
   4.20332355424761772155761718750000000         -0.873200364134898580577614809595931723      
   4.21309872530400753021240234375000000         -0.877922610666252987346577890196460147      
   4.22287389636039733886718750000000000         -0.882560968875515593456897545819610810      
   4.23264906741678714752197265625000000         -0.887114995552678240582146098835444872      
   4.24242423847317695617675781250000000         -0.891584255545881223740342984213475717      
   4.25219940952956676483154296875000000         -0.895968321802993447588226151617290669      
   4.26197458058595657348632812500000000         -0.900266775412418627660480636700986905      
   4.27174975164234638214111328125000000         -0.904479205643123637390477193880835125      
   4.28152492269873619079589843750000000         -0.908605209983885176075540052384599128      
   4.29130009375512599945068359375000000         -0.912644394181751007641704471678461585      
   4.30107526481151580810546875000000000         -0.916596372279712095113204776781820123      
   4.31085043586790561676025390625000000         -0.920460766653582031093380653464805972      
   4.32062560692429542541503906250000000         -0.924237208048080240309098827701098856      
   4.33040077798068523406982421875000000         -0.927925335612115506352921126142324443      
   4.34017594903707504272460937500000000         -0.931524796933266451168838422803893761      
   4.34995112009346485137939453125000000         -0.935035248071455672561131749171994788      
   4.35972629114985466003417968750000000         -0.938456353591814322054484725346082070      
   4.36950146220624446868896484375000000         -0.941787786596733982789493221242202426      
   4.37927663326263427734375000000000000         -0.945029228757102784793807163239847107      
   4.38905180431902408599853515625000000         -0.948180370342722772917875374509851545      
   4.39882697537541389465332031250000000         -0.951240910251905620958199024807703823      
   4.40860214643180370330810546875000000         -0.954210556040243864002657164297847666      
   4.41837731748819351196289062500000000         -0.957089023948554899814346885188666979      
   4.42815248854458332061767578125000000         -0.959876038929995089114953033303539632      
   4.43792765960097312927246093750000000         -0.962571334676341363928375116700878696      
   4.44770283065736293792724609375000000         -0.965174653643437832692614788116974350      
   4.45747800171375274658203125000000000         -0.967685747075804950635165014931903250      
   4.46725317277014255523681640625000000         -0.970104375030408903926717868003301540      
   4.47702834382653236389160156250000000         -0.972430306399588936372275631878897811      
   4.48680351488292217254638671875000000         -0.974663318933140427860042066352836388      
   4.49657868593931198120117187500000000         -0.976803199259551614459098798465923837      
   4.50635385699570178985595703125000000         -0.978849742906391920929127657530444204      
   4.51612902805209159851074218750000000         -0.980802754319849957471595680078454029      
   4.52590419910848140716552734375000000         -0.982662046883419313804129375505979690      
   4.53567937016487121582031250000000000         -0.984427442935730365070504737724714644      
   4.54545454122126102447509765625000000         -0.986098773787526385699988448708262780      
   4.55522971227765083312988281250000000         -0.987675879737782349093886479558731870      
   4.56500488333404064178466796875000000         -0.989158610088964872936276029558771621      
   4.57478005439043045043945312500000000         -0.990546823161431851992187818901895391      
   4.58455522544682025909423828125000000         -0.991840386306970402462126469004246073      
   4.59433039650321006774902343750000000         -0.993039175921471824298912054693645399      
   4.60410556755959987640380859375000000         -0.994143077456742370353528321523613092      
   4.61388073861598968505859375000000000         -0.995151985431448693793093144296892816      
   4.62365590967237949371337890625000000         -0.996065803441196927918334116780171730      
   4.63343108072876930236816406250000000         -0.996884444167744435292155960531000822      
   4.64320625178515911102294921875000000         -0.997607829387343345967116426469654251      
   4.65298142284154891967773437500000000         -0.998235889978215087559964446645505469      
   4.66275659389793872833251953125000000         -0.998768565927155192957911349199119730      
   4.67253176495432853698730468750000000         -0.999205806335267754546068571196616902      
   4.68230693601071834564208984375000000         -0.999547569422828977010552565118088496      
   4.69208210706710815429687500000000000         -0.999793822533279363989182806321356316      
   4.70185727812349796295166015625000000         -0.999944542136344157103530278810361860      
   4.71163244917988777160644531250000000         -0.999999713830281729204355609987755681      
   4.72140762023627758026123046875000000         -0.999959332343259716989248723692242811      
   4.73118279129266738891601562500000000         -0.999823401533858761498583344243964310      
   4.74095796234905719757080078125000000         -0.999591934390703808355765810387340778      
   4.75073313340544700622558593750000000         -0.999264953031223002982223144278226710      
   4.76050830446183681488037109375000000         -0.998842488699534299378674424875156573      
   4.77028347551822662353515625000000000         -0.998324581763459984413996816795756383      
   4.78005864657461643218994140625000000         -0.997711281710669402893468767211970441      
   4.78983381763100624084472656250000000         -0.997002647143950251981385410812643602      
   4.79960898868739604949951171875000000         -0.996198745775608896821035227040184352      
   4.80938415974378585815429687500000000         -0.995299654421000242419845950733358876      
   4.81915933080017566680908203125000000         -0.994305458991187780041199248518890799      
   4.82893450185656547546386718750000000         -0.993216254484734509459030225720071095      
   4.83870967291295528411865234375000000         -0.992032144978625521478927553922475997      
   4.84848484396934509277343750000000000         -0.990753243618323108102097443059447899      
   4.85826001502573490142822265625000000         -0.989379672606955350598321521289432434      
   4.86803518608212471008300781250000000         -0.987911563193639218553004547876518866      
   4.87781035713851451873779296875000000         -0.986349055660939295653661061922228080      
   4.88758552819490432739257812500000000         -0.984692299311463330574828288612060584      
   4.89736069925129413604736328125000000         -0.982941452453595893799523797517244657      
   4.90713587030768394470214843750000000         -0.981096682386371503572109388828814477      
   4.91691104136407375335693359375000000         -0.979158165383488666403908022180267196      
   4.92668621242046356201171875000000000         -0.977126086676466359641291294454908261      
   4.93646138347685337066650390625000000         -0.975000640436944565548367210490555114      
   4.94623655453324317932128906250000000         -0.972782029758130548145021913502059859      
   4.95601172558963298797607421875000000         -0.970470466635392645668089484922533637      
   4.96578689664602279663085937500000000         -0.968066171946003432981041162529588690      
   4.97556206770241260528564453125000000         -0.965569375428034189538015824505357217      
   4.98533723875880241394042968750000000         -0.962980315658402689603490739572011356      
   4.99511240981519222259521484375000000         -0.960299240030076412331666456527124565      
   5.00488758087158203125000000000000000         -0.957526404728433350011981780675656362      
   5.01466275192797183990478515625000000         -0.954662074706782673281372692114769818      
   5.02443792298436164855957031250000000         -0.951706523661047592382251322714191964      
   5.03421309404075145721435546875000000         -0.948660034003612833600036869876883014      
   5.04398826509714126586914062500000000         -0.945522896836339229837770087454087571      
   5.05376343615353107452392578125000000         -0.942295411922748003870259346914423816      
   5.06353860720992088317871093750000000         -0.938977887659377402158734610938402936      
   5.07331377826631069183349609375000000         -0.935570641046314416191544956101799957      
   5.08308894932270050048828125000000000         -0.932073997656904407139468737855710930      
   5.09286412037909030914306640625000000         -0.928488291606641528168181315872911132      
   5.10263929143548011779785156250000000         -0.924813865521242917027837366594160372      
   5.11241446249186992645263671875000000         -0.921051070503909709533093544609672942      
   5.12218963354825973510742187500000000         -0.917200266101778002248770098741014654      
   5.13196480460464954376220703125000000         -0.913261820271562970099302339105726838      
   5.14173997566103935241699218750000000         -0.909236109344399421716768487627442160      
   5.15151514671742916107177734375000000         -0.905123517989882152125232595513674343      
   5.16129031777381896972656250000000000         -0.900924439179309528821073019740743709      
   5.17106548883020877838134765625000000         -0.896639274148133823442572233663014782      
   5.18084065988659858703613281250000000         -0.892268432357621877020047694257219461      
   5.19061583094298839569091796875000000         -0.887812331455729762252963357761913594      
   5.20039100199937820434570312500000000         -0.883271397237195181365567243968454467      
   5.21016617305576801300048828125000000         -0.878646063602851412840475663343287697      
   5.21994134411215782165527343750000000         -0.873936772518166694713126941221189066      
   5.22971651516854763031005859375000000         -0.869143973971013006122049117223407978      
   5.23949168622493743896484375000000000         -0.864268125928668282443355079702258264      
   5.24926685728132724761962890625000000         -0.859309694294056172585759000194852344      
   5.25904202833771705627441406250000000         -0.854269152861227519877700691609188078      
   5.26881719939410686492919921875000000         -0.849146983270087820433908069200650114      
   5.27859237045049667358398437500000000         -0.843943674960374984937998866569413713      
   5.28836754150688648223876953125000000         -0.838659725124891801413636610921786854      
   5.29814271256327629089355468750000000         -0.833295638661997567772467551292841107      
   5.30791788361966609954833984375000000         -0.827851928127363433715769870590191038      
   5.31769305467605590820312500000000000         -0.822329113684996061921680009349711248      
   5.32746822573244571685791015625000000         -0.816727723057534288364300646377675096      
   5.33724339678883552551269531250000000         -0.811048291475823531078260269968495110      
   5.34701856784522533416748046875000000         -0.805291361627772765695747513052967332      
   5.35679373890161514282226562500000000         -0.799457483606498954636090059575468341      
   5.36656890995800495147705078125000000         -0.793547214857763884914037494075054150      
   5.37634408101439476013183593750000000         -0.787561120126708437145534117556066072      
   5.38611925207078456878662109375000000         -0.781499771403889375462470886880301968      
   5.39589442312717437744140625000000000         -0.775363747870623814694270506928456959      
   5.40566959418356418609619140625000000         -0.769153635843646587327818040678070327      
   5.41544476523995399475097656250000000         -0.762870028719085798411880007833574318      
   5.42521993629634380340576171875000000         -0.756513526915761921721484307126875637      
   5.43499510735273361206054687500000000         -0.750084737817815855135536193444561549      
   5.44477027840912342071533203125000000         -0.743584275716671417301045619085883678      
   5.45454544946551322937011718750000000         -0.737012761752337831253611627434886397      
   5.46432062052190303802490234375000000         -0.730370823854057803730173339469530451      
   5.47409579157829284667968750000000000         -0.723659096680306871440468205428281118      
   5.48387096263468265533447265625000000         -0.716878221558149747552161622299092161      
   5.49364613369107246398925781250000000         -0.710028846421959463085304540295415775      
   5.50342130474746227264404296875000000         -0.703111625751505158798766442847864036      
   5.51319647580385208129882812500000000         -0.696127220509414443478762137557204436      
   5.52297164686024188995361328125000000         -0.689076298078016294301777656616528050      
   5.53274681791663169860839843750000000         -0.681959532195570534135392765727832026      
   5.54252198897302150726318359375000000         -0.674777602891889979255039212192824300      
   5.55229716002941131591796875000000000         -0.667531196423361408987024098143297437      
   5.56207233108580112457275390625000000         -0.660221005207371566232641472273820628      
   5.57184750214219093322753906250000000         -0.652847727756144454679403387275618568      
   5.58162267319858074188232421875000000         -0.645412068609996254757911955110275491      
   5.59139784425497055053710937500000000         -0.637914738270014236051291242383524843      
   5.60117301531136035919189453125000000         -0.630356453130166098903084800482879507      
   5.61094818636775016784667968750000000         -0.622737935408846232393842068043132486      
   5.62072335742413997650146484375000000         -0.615059913079865429661064398559388313      
   5.63049852848052978515625000000000000         -0.607323119802890654716617865997151481      
   5.64027369953691959381103515625000000         -0.599528294853341507465063820289293363      
   5.65004887059330940246582031250000000         -0.591676183051750085540588144264249355      
   5.65982404164969921112060546875000000         -0.583767534692590992854365732587383308      
   5.66959921270608901977539062500000000         -0.575803105472588295373378461650394963      
   5.67937438376247882843017578125000000         -0.567783656418506274631075066262066515      
   5.68914955481886863708496093750000000         -0.559709953814430878795044195311011812      
   5.69892472587525844573974609375000000         -0.551582769128548819782354343036565960      
   5.70869989693164825439453125000000000         -0.543402878939431312914746202178230888      
   5.71847506798803806304931640625000000         -0.535171064861829502938857559705420126      
   5.72825023904442787170410156250000000         -0.526888113471988666896595335567412370      
   5.73802541010081768035888671875000000         -0.518554816232488330313185243509620926      
   5.74780058115720748901367187500000000         -0.510171969416615478470933063113757393      
   5.75757575221359729766845703125000000         -0.501740374032278089150994045388023213      
   5.76735092326998710632324218750000000         -0.493260835745466257149205494537949301      
   5.77712609432637691497802734375000000         -0.484734164803268224101095019941525668      
   5.78690126538276672363281250000000000         -0.476161175956448669681402659702393242      
   5.79667643643915653228759765625000000         -0.467542688381596662070785140945863637      
   5.80645160749554634094238281250000000         -0.458879525602850706702808226672013986      
   5.81622677855193614959716796875000000         -0.450172515413208372713949214740433566      
   5.82600194960832595825195312500000000         -0.441422489795428016214264932966185203      
   5.83577712066471576690673828125000000         -0.432630284842530158472838037128017651      
   5.84555229172110557556152343750000000         -0.423796740677906115366371740368933836      
   5.85532746277749538421630859375000000         -0.414922701375041511967704965987503182      
   5.86510263383388519287109375000000000         -0.406009014876862352949980361775228766      
   5.87487780489027500152587890625000000         -0.397056532914711355548200384117953152      
   5.88465297594666481018066406250000000         -0.388066110926962287149505531772334818      
   5.89442814700305461883544921875000000         -0.379038607977280084173327926031560377      
   5.90420331805944442749023437500000000         -0.369974886672534562749307627716414994      
   5.91397848911583423614501953125000000         -0.360875813080375564801274188025786409      
   5.92375366017222404479980468750000000         -0.351742256646477415496529098895002108      
   5.93352883122861385345458984375000000         -0.342575090111460599618024803685197179      
   5.94330400228500366210937500000000000         -0.333375189427498595259803426087505709      
   5.95307917334139347076416015625000000         -0.324143433674617833330286248684935793      
   5.96285434439778327941894531250000000         -0.314880704976698780670818578179664171      
   5.97262951545417308807373046875000000         -0.305587888417186173155472082947654537      
   5.98240468651056289672851562500000000         -0.296265871954516452929759114715086426      
   5.99217985756695270538330078125000000         -0.286915546337270490967965348208688228      
   6.00195502862334251403808593750000000         -0.277537805019059702378676246868144392      
   6.01173019967973232269287109375000000         -0.268133544073153687363251129906136275      
   6.02150537073612213134765625000000000         -0.258703662106857555430051741144727549      
   6.03128054179251194000244140625000000         -0.249249060175647114385800224930750228      
   6.04105571284890174865722656250000000         -0.239770641697070128762238803126682121      
   6.05083088390529155731201171875000000         -0.230269312364421874689079424466861313      
   6.06060605496168136596679687500000000         -0.220745980060203239790930340180497474      
   6.07038122601807117462158203125000000         -0.211201554769369637464407180461164952      
   6.08015639707446098327636718750000000         -0.201636948492379024879993210798181525      
   6.08993156813085079193115234375000000         -0.192053075158047333249497083728433079      
   6.09970673918724060058593750000000000         -0.182450850536219637302332303728814102      
   6.10948191024363040924072265625000000         -0.172831192150265408520552384691647355      
   6.11925708130002021789550781250000000         -0.163195019189406213491936923102814513      
   6.12903225235641002655029296875000000         -0.153543252420884234750830347278496991      
   6.13880742341279983520507812500000000         -0.143876814101980006686357088100508859      
   6.14858259446918964385986328125000000         -0.134196627891887773505620992778472676      
   6.15835776552557945251464843750000000         -0.124503618763456889844166241155881865      
   6.16813293658196926116943359375000000         -0.114798712914807697416031854153691735      
   6.17790810763835906982421875000000000         -0.105082837680830323089949019804008541      
   6.18768327869474887847900390625000000          -9.53569214445748549654638180392706829E-0002
   6.19745844975113868713378906250000000          -8.56218935485413634019485249298588995E-0002
   6.20723362080752849578857421875000000          -7.58786842058782435236007563994778218E-0002
   6.21700879186391830444335937500000000          -6.61282244114973644837068133866350329E-0002
   6.22678396292030811309814453125000000          -5.63714458531145187208266519347031552E-0002
   6.23655913397669792175292968750000000          -4.66092808222236715773833339179270766E-0002
   6.24633430503308773040771484375000000          -3.68426621250135179767275749259686900E-0002
   6.25610947608947753906250000000000000          -2.70725229932348583674936650302111830E-0002
   6.26588464714586734771728515625000000          -1.72997969950273108434398352067734306E-0002
   6.27565981820225715637207031250000000          -7.52541794571388023252503656402431275E-0003
   6.28543498925864696502685546875000000           2.24968018142809197965618640207453849E-0003
   6.29521016031503677368164062500000000           1.20245633444110707700719927532986483E-0002
   6.30498533137142658233642578125000000           2.17982975217880361778872342617042015E-0002
   6.31476050242781639099121093750000000           3.15699488019012291919830346414753901E-0002
   6.32453567348420619964599609375000000           4.13385834721204069223552962411985430E-0002
   6.33431084454059600830078125000000000           5.11032681080620800538070543528608981E-0002
   6.34408601559698581695556640625000000           6.08630696627812073975535407368809938E-0002
   6.35386118665337562561035156250000000           7.06170555559268249881714784065743760E-0002
   6.36363635770976543426513671875000000           8.03642937628530906194940310172810132E-0002
   6.37341152876615524291992187500000000           9.01038529036772289732506797745001602E-0002
   6.38318669982254505157470703125000000           9.98348023322758675680700230392578229E-0002
   6.39296187087893486022949218750000000          0.109556212225211259643418269110305998      
   6.40273704193532466888427734375000000          0.119267153670578896792574503585701533      
   6.41251221299171447753906250000000000          0.128966698756768021670205497826602125      
   6.42228738404810428619384765625000000          0.138653920661126559422780140100683335      
   6.43206255510449409484863281250000000          0.148327893738521995623161257452289581      
   6.44183772616088390350341796875000000          0.157987693609789738433357957445588583      
   6.45161289721727371215820312500000000          0.167632397250060513470664602992320212      
   6.46138806827366352081298828125000000          0.177261083076958351411225824746833337      
   6.47116323933005332946777343750000000          0.186872831038660740730346092333821333      
   6.48093841038644313812255859375000000          0.196466722701812531149425765877312528      
   6.49071358144283294677734375000000000          0.206041841339285187333994743334988235      
   6.50048875249922275543212890625000000          0.215597272017773007164594490177565330      
   6.51026392355561256408691406250000000          0.225132101685217934480817369506218996      
   6.52003909461200237274169921875000000          0.234645419258054612577160201561616597      
   6.52981426566839218139648437500000000          0.244136315708267341905921868046923820      
   6.53958943672478199005126953125000000          0.253603884150250623415531262117164029      
   6.54936460778117179870605468750000000          0.263047219927464987720714576513023523      
   6.55913977883756160736083984375000000          0.272465420698879829862006475356895965      
   6.56891494989395141601562500000000000          0.281857586525194989764408984144611253      
   6.57869012095034122467041015625000000          0.291222819954832839646560229964468518      
   6.58846529200673103332519531250000000          0.300560226109692661560572326232020941      
   6.59824046306312084197998046875000000          0.309868912770659120956638356321433717      
   6.60801563411951065063476562500000000          0.319147990462856665663422178498863807      
   6.61779080517590045928955078125000000          0.328396572540641703952886445024407948      
   6.62756597623229026794433593750000000          0.337613775272324440414263994635067641      
   6.63734114728868007659912109375000000          0.346798717924612274193941453909290737      
   6.64711631834506988525390625000000000          0.355950522846766690763633132682576378      
   6.65689148940145969390869140625000000          0.365068315554465605755835870410697293      
   6.66666666045784950256347656250000000          0.374151224813363147550555460998563319      
   6.67644183151423931121826171875000000          0.383198382722338894207993308083722389      
   6.68621700257062911987304687500000000          0.392208924796428610015515531133420072      
   6.69599217362701892852783203125000000          0.401181990049428557350960444093517521      
   6.70576734468340873718261718750000000          0.410116721076165490755266121820569272      
   6.71554251573979854583740234375000000          0.419012264134424472052537262105441475      
   6.72531768679618835449218750000000000          0.427867769226526678051967282380880075      
   6.73509285785257816314697265625000000          0.436682390180549405810363324144084803      
   6.74486802890896797180175781250000000          0.445455284731180514623192861521842037      
   6.75464319996535778045654296875000000          0.454185614600199578842814038279585914      
   6.76441837102174758911132812500000000          0.462872545576578061291529945323902247      
   6.77419354207813739776611328125000000          0.471515247596190853440911513077267358      
   6.78396871313452720642089843750000000          0.480112894821131565663986029703364713      
   6.79374388419091701507568359375000000          0.488664665718623988729840124084533143      
   6.80351905524730682373046875000000000          0.497169743139522186297319445176749226      
   6.81329422630369663238525390625000000          0.505627314396391717472135102497104013      
   6.82306939736008644104003906250000000          0.514036571341164528516053236083725205      
   6.83284456841647624969482421875000000          0.522396710442360093534124401697877977      
   6.84261973947286605834960937500000000          0.530706932861865425412211210480636604      
   6.85239491052925586700439453125000000          0.538966444531266620428435524627183510      
   6.86217008158564567565917968750000000          0.547174456227724642814562783944571630      
   6.87194525264203548431396484375000000          0.555330183649388099092676038466252397      
   6.88172042369842529296875000000000000          0.563432847490335796254604710930043989      
   6.89149559475481510162353515625000000          0.571481673515041922782235534098870318      
   6.90127076581120491027832031250000000          0.579475892632356737121752232669980555      
   6.91104593686759471893310546875000000          0.587414740968995694519667696009555618      
   6.92082110792398452758789062500000000          0.595297459942529990098803997856568310      
   6.93059627898037433624267578125000000          0.603123296333871543693653500404172462      
   6.94037145003676414489746093750000000          0.610891502359245500272266155839514634      
   6.95014662109315395355224609375000000          0.618601335741643368741338031648118809      
   6.95992179214954376220703125000000000          0.626252059781749971557844841074570337      
   6.96969696320593357086181640625000000          0.633842943428337427849629869660098379      
   6.97947213426232337951660156250000000          0.641373261348119443674013826720341369      
   6.98924730531871318817138671875000000          0.648842293995059234612878611409765599      
   6.99902247637510299682617187500000000          0.656249327679124458109860146507420217      
   7.00879764743149280548095703125000000          0.663593654634482585795278735404162811      
   7.01857281848788261413574218750000000          0.670874573087130199512189808087364790      
   7.02834798954427242279052734375000000          0.678091387321949748847344424730707368      
   7.03812316060066223144531250000000000          0.685243407749187362678738988924175725      
   7.04789833165705204010009765625000000          0.692329950970345362571579772205750154      
   7.05767350271344184875488281250000000          0.699350339843483181781604049933126130      
   7.06744867376983165740966796875000000          0.706303903547920450153441880277124537      
   7.07722384482622146606445312500000000          0.713189977648336062326669320546654344      
   7.08699901588261127471923828125000000          0.720007904158257104377936694319732521      
   7.09677418693900108337402343750000000          0.726757031602931572328539475515677612      
   7.10654935799539089202880859375000000          0.733436715081578874827463595536189337      
   7.11632452905178070068359375000000000          0.740046316329012171774655270552428538      
   7.12609970010817050933837890625000000          0.746585203776626660672356698839887245      
   7.13587487116456031799316406250000000          0.753052752612747983078077793821269252      
   7.14565004222095012664794921875000000          0.759448344842334984675351336404000470      
   7.15542521327733993530273437500000000          0.765771369346031124172002180876199866      
   7.16520038433372974395751953125000000          0.772021221938558888474355412241604141      
   7.17497555539011955261230468750000000          0.778197305426451634363666522512503552      
   7.18475072644650936126708984375000000          0.784299029665117340212080123381645881      
   7.19452589750289916992187500000000000          0.790325811615228815113562871447664274      
   7.20430106855928897857666015625000000          0.796277075398434977164411210765088524      
   7.21407623961567878723144531250000000          0.802152252352387877501955512192257572      
   7.22385141067206859588623046875000000          0.807950781085080212092770288978746085      
   7.23362658172845840454101562500000000          0.813672107528488129146807867652752549      
   7.24340175278484821319580078125000000          0.819315684991514206415104659118119687      
   7.25317692384123802185058593750000000          0.824880974212225539499722067283872258      
   7.26295209489762783050537109375000000          0.830367443409381949658988351701946917      
   7.27272726595401763916015625000000000          0.835774568333249387422467497158883088      
   7.28250243701040744781494140625000000          0.841101832315693676631914832908188615      
   7.29227760806679725646972656250000000          0.846348726319549812290260327899798501      
   7.30205277912318706512451171875000000          0.851514748987262094823818374947868618      
   7.31182795017957687377929687500000000          0.856599406688790453036842971453092887      
   7.32160312123596668243408203125000000          0.861602213568778378155571940460640805      
   7.33137829229235649108886718750000000          0.866522691592977961914333211266196961      
   7.34115346334874629974365234375000000          0.871360370593927602622378395840356189      
   7.35092863440513610839843750000000000          0.876114788315878014560081007169487837      
   7.36070380546152591705322265625000000          0.880785490458962247880165216269123869      
   7.37047897651791572570800781250000000          0.885372030722605498426852733093003818      
   7.38025414757430553436279296875000000          0.889873970848170559526327724545807670      
   7.39002931863069534301757812500000000          0.894290880660834840838781616304554148      
   7.39980448968708515167236328125000000          0.898622338110694952788532257680416634      
   7.40957966074347496032714843750000000          0.902867929313094928897299148207615996      
   7.41935483179986476898193359375000000          0.907027248588174232529605583719864361      
   7.42913000285625457763671875000000000          0.911099898499631769111381169753949888      
   7.43890517391264438629150390625000000          0.915085489892702199796030478616173752      
   7.44868034496903419494628906250000000          0.918983641931340927819357497489188408      
   7.45845551602542400360107421875000000          0.922793982134614204398598913378657498      
   7.46823068708181381225585937500000000          0.926516146412290876984197059261066091      
   7.47800585813820362091064453125000000          0.930149779099632378958577915567703759      
   7.48778102919459342956542968750000000          0.933694532991377636486801584994657869      
   7.49755620025098323822021484375000000          0.937150069374919645152201747751116653      
   7.50733137130737304687500000000000000          0.940516058062670546248676017738713796      
   7.51710654236376285552978515625000000          0.943792177423612110142750466974061490      
   7.52688171342015266418457031250000000          0.946978114414028611955509530416749361      
   7.53665688447654247283935546875000000          0.950073564607419162939519474234142336      
   7.54643205553293228149414062500000000          0.953078232223586639331514509490859539      
   7.55620722658932209014892578125000000          0.955991830156900429140367549757820298      
   7.56598239764571189880371093750000000          0.958814080003730296274214537926688827      
   7.57575756870210170745849609375000000          0.961544712089048740612998818964089967      
   7.58553273975849151611328125000000000          0.964183465492199312085582168254722893      
   7.59530791081488132476806640625000000          0.966730088071828416506339821957748344      
   7.60508308187127113342285156250000000          0.969184336489978230857203009854418250      
   7.61485825292766094207763671875000000          0.971545976235338425859796394593743310      
   7.62463342398405075073242187500000000          0.973814781645654474060980054626640917      
   7.63440859504044055938720703125000000          0.975990535929290402246065772401895669      
   7.64418376609683036804199218750000000          0.978073031185943927789534679779225106      
   7.65395893715322017669677734375000000          0.980062068426511999545517494379954929      
   7.66373410820960998535156250000000000          0.981957457592104845061870566809863444      
   7.67350927926599979400634765625000000          0.983759017572206707264633589693198754      
   7.68328445032238960266113281250000000          0.985466576221981535296213604090731893      
   7.69305962137877941131591796875000000          0.987079970378721975893013797352034826      
   7.70283479243516921997070312500000000          0.988599045877440093548607594824739959      
   7.71260996349155902862548828125000000          0.990023657565598329719126683977450530      
   7.72238513454794883728027343750000000          0.991353669316979293480449500487988162      
   7.73216030560433864593505859375000000          0.992588954044693058334194376828759309      
   7.74193547666072845458984375000000000          0.993729393713320722273576178084692110      
   7.75171064771711826324462890625000000          0.994774879350193070753001899837736034      
   7.76148581877350807189941406250000000          0.995725311055803264848973103524066850      
   7.77126098982989788055419921875000000          0.996580598013352559646534345760911979      
   7.78103616088628768920898437500000000          0.997340658497428140727250209831934190      
   7.79081133194267749786376953125000000          0.998005419881812249563593375445075777      
   7.80058650299906730651855468750000000          0.998574818646421851632758244594979226      
   7.81036167405545711517333984375000000          0.999048800383378184142347283537847197      
   7.82013684511184692382812500000000000          0.999427319802205603403171937186837419      
   7.82991201616823673248291015625000000          0.999710340734159235082622161880211091      
   7.83968718722462654113769531250000000          0.999897836135681013817738449362599287      
   7.84946235828101634979248046875000000          0.999989788090983781952313287166995703      
   7.85923752933740615844726562500000000          0.999986187813763200479097150989161266      
   7.86901270039379596710205078125000000          0.999887035648037308608526170515789758      
   7.87878787145018577575683593750000000          0.999692341068113651741361114439413905      
   7.88856304250657558441162109375000000          0.999402122677683980986265372462528543      
   7.89833821356296539306640625000000000          0.999016408208046610726687508890922055      
   7.90811338461935520172119140625000000          0.998535234515456604096486089550765113      
   7.91788855567574501037597656250000000          0.997958647577604039562575996665444399      
   7.92766372673213481903076171875000000          0.997286702489220695127523051313555334      
   7.93743889778852462768554687500000000          0.996519463456815569947506478281499052      
   7.94721406884491443634033203125000000          0.995657003792539746403448664148283850      
   7.95698923990130424499511718750000000          0.994699405907181178857424699828556568      
   7.96676441095769405364990234375000000          0.993646761302290078464760880028945031      
   7.97653958201408386230468750000000000          0.992499170561435646486567523161636511      
   7.98631475307047367095947265625000000          0.991256743340594991549889156856981511      
   7.99608992412686347961425781250000000          0.989919598357675149225263137106253746      
   8.00586509518325328826904296875000000          0.988487863381169205126332612008999577      
   8.01564026623964309692382812500000000          0.986961675217947605475346267957025763      
   8.02541543729603290557861328125000000          0.985341179700185821713989512133906105      
   8.03519060835242271423339843750000000          0.983626531671429618263133552577515858      
   8.04496577940881252288818359375000000          0.981817894971799254939874789231306549      
   8.05474095046520233154296875000000000          0.979915442422334037817792984720465965      
   8.06451612152159214019775390625000000          0.977919355808478714458820957579284955      
   8.07429129257798194885253906250000000          0.975829825862713291444642057326578802      
   8.08406646363437175750732421875000000          0.973647052246327933984279122585481978      
   8.09384163469076156616210937500000000          0.971371243530344689064689079958611742      
   8.10361680574715137481689453125000000          0.969002617175587855134925056636531510      
   8.11339197680354118347167968750000000          0.966541399511904902663982998089459922      
   8.12316714785993099212646484375000000          0.963987825716539931080039092683624566      
   8.13294231891632080078125000000000000          0.961342139791661728576651984105607251      
   8.14271748997271060943603515625000000          0.958604594541048582051912105012137622      
   8.15249266102910041809082031250000000          0.955775451545932065021750664162856043      
   8.16226783208549022674560546875000000          0.952854981140002111710973642684264359      
   8.17204300314188003540039062500000000          0.949843462383575765667382722415267302      
   8.18181817419826984405517578125000000          0.946741183036932071157927574717134345      
   8.19159334525465965270996093750000000          0.943548439532815655283566382497913625      
   8.20136851631104946136474609375000000          0.940265536948111628183780388537858041      
   8.21114368736743927001953125000000000          0.936892788974694507884903460263663014      
   8.22091885842382907867431640625000000          0.933430517889453955271022924649346433      
   8.23069402948021888732910156250000000          0.929879054523500183314641758628911028      
   8.24046920053660869598388671875000000          0.926238738230551983089048554577720915      
   8.25024437159299850463867187500000000          0.922509916854510387187930602105936015      
   8.26001954264938831329345703125000000          0.918692946696221068992723888106868337      
   8.26979471370577812194824218750000000          0.914788192479428653747086347780767616      
   8.27956988476216793060302734375000000          0.910796027315926194613300121324846290      
   8.28934505581855773925781250000000000          0.906716832669903143789976703086976734      
   8.29912022687494754791259765625000000          0.902550998321495225356807234005210376      
   8.30889539793133735656738281250000000          0.898298922329539692772950710888509660      
   8.31867056898772716522216796875000000          0.893961010993539529883698598600442879      
   8.32844574004411697387695312500000000          0.889537678814840229878040065118954550      
   8.33822091110050678253173828125000000          0.885029348457022861880455140215598050      
   8.34799608215689659118652343750000000          0.880436450705517209746494035552375236      
   8.35777125321328639984130859375000000          0.875759424426438842156304037709737228      
   8.36754642426967620849609375000000000          0.870998716524654047256119731104537539      
   8.37732159532606601715087890625000000          0.866154781901076638877751995134548087      
   8.38709676638245582580566406250000000          0.861228083409200714763246331606702550      
   8.39687193743884563446044921875000000          0.856219091810873520229118282829255732      
   8.40664710849523544311523437500000000          0.851128285731312643314936921929270566      
   8.41642227955162525177001953125000000          0.845956151613371839667578481834351706      
   8.42619745060801506042480468750000000          0.840703183671059857208311570314614726      
   8.43597262166440486907958984375000000          0.835369883842316702008142772721779185      
   8.44574779272079467773437500000000000          0.829956761741051857750726349138123814      
   8.45552296377718448638916015625000000          0.824464334608449041684844318170058088      
   8.46529813483357429504394531250000000          0.818893127263542150053254815098936534      
   8.47507330588996410369873046875000000          0.813243672053067115624890390845192399      
   8.48484847694635391235351562500000000          0.807516508800594469146309537223970077      
   8.49462364800274372100830078125000000          0.801712184754947465259352959831382355      
   8.50439881905913352966308593750000000          0.795831254537910701698563500431288171      
   8.51417399011552333831787109375000000          0.789874280091234228377572042557828970      
   8.52394916117191314697265625000000000          0.783841830622938210291853125969933430      
   8.53372433222830295562744140625000000          0.777734482552923274999580877470346643      
   8.54349950328469276428222656250000000          0.771552819457891741786382003075056134      
   8.55327467434108257293701171875000000          0.765297432015584995467248591217906703      
   8.56304984539747238159179687500000000          0.758968917948342333123447411964276398      
   8.57282501645386219024658203125000000          0.752567881965986676907700379402155961      
   8.58260018751025199890136718750000000          0.746094935708042610371017639367831924      
   8.59237535856664180755615234375000000          0.739550697685292259563194359883909676      
   8.60215052962303161621093750000000000          0.732935793220674603430038573394484084      
   8.61192570067942142486572265625000000          0.726250854389533860767834595656333448      
   8.62170087173581123352050781250000000          0.719496519959222663193369862583154800      
   8.63147604279220104217529296875000000          0.712673435328065785240119281874667751      
   8.64125121384859085083007812500000000          0.705782252463690263791999319053955077      
   8.65102638490498065948486328125000000          0.698823629840727799609635648383053025      
   8.66080155596137046813964843750000000          0.691798232377895393684548169341077561      
   8.67057672701776027679443359375000000          0.684706731374460230568314193545369308      
   8.68035189807415008544921875000000000          0.677549804446094879660947670736853255      
   8.69012706913053989410400390625000000          0.670328135460128943699807364700047031      
   8.69990224018692970275878906250000000          0.663042414470203341361753260319214664      
   8.70967741124331951141357421875000000          0.655693337650333467971497493478968793      
   8.71945258229970932006835937500000000          0.648281607228387534792689547378589084      
   8.72922775335609912872314453125000000          0.640807931418986443259838163473590311      
   8.73900292441248893737792968750000000          0.633273024355831605783364710084165002      
   8.74877809546887874603271484375000000          0.625677606023467179421623010307858960      
   8.75855326652526855468750000000000000          0.618022402188483232757385767700667027      
   8.76832843758165836334228515625000000          0.610308144330166419736923697654329471      
   8.77810360863804817199707031250000000          0.602535569570604787022285762296969309      
   8.78787877969443798065185546875000000          0.594705420604253393566683026022215790      
   8.79765395075082778930664062500000000          0.586818445626967472644000609512626411      
   8.80742912180721759796142578125000000          0.578875398264509917441489013867787499      
   8.81720429286360740661621093750000000          0.570877037500539921554756154483610744      
   8.82697946391999721527099609375000000          0.562824127604089655301495142308724919      
   8.83675463497638702392578125000000000          0.554717438056535907690202906643540283      
   8.84652980603277683258056640625000000          0.546557743478073672137796722991488970      
   8.85630497708916664123535156250000000          0.538345823553698701620908418149222592      
   8.86608014814555644989013671875000000          0.530082462958706105865182012159882697      
   8.87585531920194625854492187500000000          0.521768451283712109420636509799671735      
   8.88563049025833606719970703125000000          0.513404582959206135034662735588579482      
   8.89540566131472587585449218750000000          0.504991657179640421613147776618489301      
   8.90518083237111568450927734375000000          0.496530477827064430250274431538529741      
   8.91495600342750549316406250000000000          0.488021853394311335304503560409471140      
   8.92473117448389530181884765625000000          0.479466596907743940297958114709298726      
   8.93450634554028511047363281250000000          0.470865525849567400514799249851314396      
   8.94428151659667491912841796875000000          0.462219462079716175567194649691269432      
   8.95405668765306472778320312500000000          0.453529231757322675881171788770325103      
   8.96383185870945453643798828125000000          0.444795665261775107025136866112850899      
   8.97360702976584434509277343750000000          0.436019597113372055057304255905547556      
   8.98338220082223415374755859375000000          0.427201865893581394600970740894229059      
   8.99315737187862396240234375000000000          0.418343314164911139164801601748097558      
   9.00293254293501377105712890625000000          0.409444788390399890305459132013446019      
   9.01270771399140357971191406250000000          0.400507138852734578578455205022910346      
   9.02248288504779338836669921875000000          0.391531219573003224836574915571988967      
   9.03225805610418319702148437500000000          0.382517888229090485310195074444100101      
   9.04203322716057300567626953125000000          0.373468006073723778036977032040463334      
   9.05180839821696281433105468750000000          0.364382437852177821596486415915066147      
   9.06158356927335262298583984375000000          0.355262051719645449745092548423302494      
   9.07135874032974243164062500000000000          0.346107719158282597434908727339811138      
   9.08113391138613224029541015625000000          0.336920314893935384834504164454676708      
   9.09090908244252204895019531250000000          0.327700716812557256345674234133805477      
   9.10068425349891185760498046875000000          0.318449805876324161226795208259591612      
   9.11045942455530166625976562500000000          0.309168466039455791286382919147486231      
   9.12023459561169147491455078125000000          0.299857584163750919197664792331789415      
   9.13000976666808128356933593750000000          0.290518049933844908303577605413132286      
   9.13978493772447109222412109375000000          0.281150755772197491329008777305853904      
   9.14956010878086090087890625000000000          0.271756596753818941190770284453094251      
   9.15933527983725070953369140625000000          0.262336470520742782093268679909166514      
   9.16911045089364051818847656250000000          0.252891277196253213316723568746204355      
   9.17888562195003032684326171875000000          0.243421919298875441542776076491387946      
   9.18866079300642013549804687500000000          0.233929301656137140217178761179584332      
   9.19843596406280994415283203125000000          0.224414331318109276318804320521076352      
   9.20821113511919975280761718750000000          0.214877917470734565986362628360214444      
   9.21798630617558956146240234375000000          0.205320971348951840746959631759298984      
   9.22776147723197937011718750000000000          0.195744406149624625592028414888568116      
   9.23753664828836917877197265625000000          0.186149136944282248854348867409578190      
   9.24731181934475898742675781250000000          0.176536080591681821753060255999111322      
   9.25708699040114879608154296875000000          0.166906155650199442590048925502953695      
   9.26686216145753860473632812500000000          0.157260282290058996899225816552596116      
   9.27663733251392841339111328125000000          0.147599382205406940368436229412991648      
   9.28641250357031822204589843750000000          0.137924378526241466070584472907940666      
   9.29618767462670803070068359375000000          0.128236195730204471454602471193381598      
   9.30596284568309783935546875000000000          0.118535759554244753656814528140596248      
   9.31573801673948764801025390625000000          0.108823996906160873997797573935686844      
   9.32551318779587745666503906250000000           9.91018357760321440278316022441432863E-0002
   9.33528835885226726531982421875000000           8.93702051475461961743799785819094767E-0002
   9.34506352990865707397460937500000000           7.96300349092316119267123646170995412E-0002
   9.35483870096504688262939453125000000           6.98822557656040895648399334347235279E-0002
   9.36461387202143669128417968750000000           6.01277991482346417015064831848492124E-0002
   9.37438904307782649993896484375000000           5.03675971267483203562805711076724617E-0002
   9.38416421413421630859375000000000000           4.06025823197619739191109864744427410E-0002
   9.39393938519060611724853515625000000           3.08336878057695461864064469952237076E-0002
   9.40371455624699592590332031250000000           2.10618470339834326652236745344661286E-0002
   9.41348972730338573455810546875000000           1.12879937351404135400170198630621937E-0002
   9.42326489835977554321289062500000000           1.51306183228068608121634725541041969E-0003
   9.43304006941616535186767578125000000          -8.26201464849147815466547178131162446E-0003
   9.44281524047255516052246093750000000          -1.80363016672569242278839837574362597E-0002
   9.45259041152894496917724609375000000          -2.78088652595321247747441921094145807E-0002
   9.46236558258533477783203125000000000          -3.75787716255124828506462774535699998E-0002
   9.47214075364172458648681640625000000          -4.73450872192998991729896989848059919E-0002
   9.48191592469811439514160156250000000          -5.71068788381060777836164549409350990E-0002
   9.49169109575450420379638671875000000          -6.68632137114230464687461316127478025E-0002
   9.50146626681089401245117187500000000          -7.66131595901523714070904770648478854E-0002
   9.51124143786728382110595703125000000          -8.63557848356845494637342546524346980E-0002
   9.52101660892367362976074218750000000          -9.60901585089200663080549237105036757E-0002
   9.53079177998006343841552734375000000         -0.105815350459223614107971361653181688      
   9.54056695103645324707031250000000000         -0.115530431413302968939628767880903982      
   9.55034212209284305572509765625000000         -0.125234473064004035250632794503727154      
   9.56011729314923286437988281250000000         -0.134926548159013572725452943839474577      
   9.56989246420562267303466796875000000         -0.144605730589461129722857928292116646      
   9.57966763526201248168945312500000000         -0.154271095478411717086381106521822660      
   9.58944280631840229034423828125000000         -0.163921719269240766568922004894656019      
   9.59921797737479209899902343750000000         -0.173556679813882929360672719242502366      
   9.60899314843118190765380859375000000         -0.183175056460946282264540878575048733      
   9.61876831948757171630859375000000000         -0.192775930143683521923971947274602568      
   9.62854349054396152496337890625000000         -0.202358383467811741173324061354001958      
   9.63831866160035133361816406250000000         -0.211921500799172396049412579048004496      
   9.64809383265674114227294921875000000         -0.221464368351223087273136568186383119      
   9.65786900371313095092773437500000000         -0.230986074272352796080766426779473778      
   9.66764417476952075958251953125000000         -0.240485708733012231153975135245164242      
   9.67741934582591056823730468750000000         -0.249962364012650961064423333557281434      
   9.68719451688230037689208984375000000         -0.259415134586453025110972391787553194      
   9.69696968793869018554687500000000000         -0.268843117211862734683635769491401123      
   9.70674485899507999420166015625000000         -0.278245411014892397336347262120616524      
   9.71652003005146980285644531250000000         -0.287621117576203716588609563442173088      
   9.72629520110785961151123046875000000         -0.296969341016954642102096795496872342      
   9.73607037216424942016601562500000000         -0.306289188084403467290253837284610210      
   9.74584554322063922882080078125000000         -0.315579768237261994614721884555281168      
   9.75562071427702903747558593750000000         -0.324840193730789612799807263986807168      
   9.76539588533341884613037109375000000         -0.334069579701620154952907989333445721      
   9.77517105638980865478515625000000000         -0.343267044252313432112454302958658139      
   9.78494622744619846343994140625000000         -0.352431708535623363053065672137956963      
   9.79472139850258827209472656250000000         -0.361562696838474648257763577851874867      
   9.80449656955897808074951171875000000         -0.370659136665639963816619350528425623      
   9.81427174061536788940429687500000000         -0.379720158823109679627498159449324662      
   9.82404691167175769805908203125000000         -0.388744897501146135654849672764090596      
   9.83382208272814750671386718750000000         -0.397732490357014540143985492346905171      
   9.84359725378453731536865234375000000         -0.406682078597382584588093116049648788      
   9.85337242484092712402343750000000000         -0.415592807060380901900413313302962076      
   9.86314759589731693267822265625000000         -0.424463824297316526651527664760990774      
   9.87292276695370674133300781250000000         -0.433294282654031549388468970278393959      
   9.88269793801009654998779296875000000         -0.442083338351899190955211036586384006      
   9.89247310906648635864257812500000000         -0.450830151568449557379776491101627273      
   9.90224828012287616729736328125000000         -0.459533886517617371278411225275875505      
   9.91202345117926597595214843750000000         -0.468193711529604011848630679437323303      
   9.92179862223565578460693359375000000         -0.476808799130346232376994929674655742      
   9.93157379329204559326171875000000000         -0.485378326120583961770694903087978523      
   9.94134896434843540191650390625000000         -0.493901473654519634930839832915203164      
   9.95112413540482521057128906250000000         -0.502377427318061535816065740147812403      
   9.96089930646121501922607421875000000         -0.510805377206643676794006781833350396      
   9.97067447751760482788085937500000000         -0.519184518002614778341487601294629777      
   9.98044964857399463653564453125000000         -0.527514049052188954328138952286905089      
   9.99022481963038444519042968750000000         -0.535793174441950749998576554758651353      
   9.99999999068677425384521484375000000         -0.544021103074907222351312564193071443      
   10.0097751617431640625000000000000000         -0.552197048746079795894121254405235076      
