   9.77517105638980865478515625000000000E-0004     2.2071213228816990     
   1.95503421127796173095703125000000000E-0003    -1.3271406568899631     
   2.93255131691694259643554687500000000E-0003     1.2532872161515487     
   3.91006842255592346191406250000000000E-0003    -1.7623972085085431     
   4.88758552819490432739257812500000000E-0003   -0.69923935435923557     
   5.86510263383388519287109375000000000E-0003     2.5324559526191774     
   6.84261973947286605834960937500000000E-0003    -1.2578404046245826     
   7.82013684511184692382812500000000000E-0003     1.0490257645146333     
   8.79765395075082778930664062500000000E-0003    -1.2358946266510884     
   9.77517105638980865478515625000000000E-0003    -1.3512837535137017     
   1.07526881620287895202636718750000000E-0002     2.7091611133624367     
   1.17302052676677703857421875000000000E-0002    -1.0447728173814896     
   1.27077223733067512512207031250000000E-0002    0.73808349622281988     
   1.36852394789457321166992187500000000E-0002   -0.67056064984328334     
   1.46627565845847129821777343750000000E-0002    -1.9125224019089277     
   1.56402736902236938476562500000000000E-0002     2.7187597434781252     
   1.66177907958626747131347656250000000E-0002   -0.69962736527009861     
   1.75953079015016555786132812500000000E-0002    0.35313333727840440     
   1.85728250071406364440917968750000000E-0002   -0.11124250692508400     
   1.95503421127796173095703125000000000E-0002    -2.3462312484976260     
   2.05278592184185981750488281250000000E-0002     2.5550950161132060     
   2.15053763240575790405273437500000000E-0002   -0.24557220448800476     
   2.24828934296965599060058593750000000E-0002    -6.6962265406265736E-002
   2.34604105353355407714843750000000000E-0002    0.39887566540458136     
   2.44379276409745216369628906250000000E-0002    -2.6253347388985406     
   2.54154447466135025024414062500000000E-0002     2.2249275078018953     
   2.63929618522524833679199218750000000E-0002    0.28450230274313920     
   2.73704789578914642333984375000000000E-0002   -0.48040570731910787     
   2.83479960635304450988769531250000000E-0002    0.82168019792530245     
   2.93255131691694259643554687500000000E-0002    -2.7344103379876428     
   3.03030302748084068298339843750000000E-0002     1.7475225999979924     
   3.12805473804473876953125000000000000E-0002    0.85053419429138732     
   3.22580644860863685607910156250000000E-0002   -0.84595474136671722     
   3.32355815917253494262695312500000000E-0002     1.1271090324428625     
   3.42130986973643302917480468750000000E-0002    -2.6707794266453808     
   3.51906158030033111572265625000000000E-0002     1.1532584196528028     
   3.61681329086422920227050781250000000E-0002     1.4084331586691448     
   3.71456500142812728881835937500000000E-0002    -1.1263683146393675     
   3.81231671199202537536621093750000000E-0002     1.2954706206032849     
   3.91006842255592346191406250000000000E-0002    -2.4446005506965385     
   4.00782013311982154846191406250000000E-0002    0.48136219532515573     
   4.10557184368371963500976562500000000E-0002     1.9135673860478675     
   4.20332355424761772155761718750000000E-0002    -1.2915304592424821     
   4.30107526481151580810546875000000000E-0002     1.3189176531552966     
   4.39882697537541389465332031250000000E-0002    -2.0779599998037450     
   4.49657868593931198120117187500000000E-0002   -0.22304804432242528     
   4.59433039650321006774902343750000000E-0002     2.3243171945532479     
   4.69208210706710815429687500000000000E-0002    -1.3210006398905900     
   4.78983381763100624084472656250000000E-0002     1.2019602962755545     
   4.88758552819490432739257812500000000E-0002    -1.6030340452943981     
   4.98533723875880241394042968750000000E-0002   -0.91238445685187719     
   5.08308894932270050048828125000000000E-0002     2.6054128244206436     
   5.18084065988659858703613281250000000E-0002    -1.2057846972230892     
   5.27859237045049667358398437500000000E-0002    0.96098034405822752     
   5.37634408101439476013183593750000000E-0002    -1.0594705677079526     
   5.47409579157829284667968750000000000E-0002    -1.5402044152674856     
   5.57184750214219093322753906250000000E-0002     2.7307904784327377     
   5.66959921270608901977539062500000000E-0002   -0.94918268930700056     
   5.76735092326998710632324218750000000E-0002    0.62278745241954780     
   5.86510263383388519287109375000000000E-0002   -0.49119943009980793     
   5.96285434439778327941894531250000000E-0002    -2.0647355586073868     
   6.06060605496168136596679687500000000E-0002     2.6857385239693574     
   6.15835776552557945251464843750000000E-0002   -0.56664357876892935     
   6.25610947608947753906250000000000000E-0002    0.22233505260112532     
   6.35386118665337562561035156250000000E-0002     5.7074088487533307E-002
   6.45161289721727371215820312500000000E-0002    -2.4520339740569344     
   6.54936460778117179870605468750000000E-0002     2.4681617613217459     
   6.64711631834506988525390625000000000E-0002    -8.4635979793823785E-002
   6.74486802890896797180175781250000000E-0002   -0.20021942951140392     
   6.84261973947286605834960937500000000E-0002    0.54341375837964201     
   6.94037145003676414489746093750000000E-0002    -2.6785276971346721     
   7.03812316060066223144531250000000000E-0002     2.0888613625689008     
   7.13587487116456031799316406250000000E-0002    0.46137723977536105     
   7.23362658172845840454101562500000000E-0002   -0.60287313182127555     
   7.33137829229235649108886718750000000E-0002    0.93195318390812520     
   7.42913000285625457763671875000000000E-0002    -2.7327464279704392     
   7.52688171342015266418457031250000000E-0002     1.5708059626982787     
   7.62463342398405075073242187500000000E-0002     1.0297010648374225     
   7.72238513454794883728027343750000000E-0002   -0.94528478348873379     
   7.82013684511184692382812500000000000E-0002     1.1956911696380430     
   7.91788855567574501037597656250000000E-0002    -2.6161028389663650     
   8.01564026623964309692382812500000000E-0002    0.94744925635038524     
   8.11339197680354118347167968750000000E-0002     1.5756887133368012     
   8.21114368736743927001953125000000000E-0002    -1.1921480549126373     
   8.30889539793133735656738281250000000E-0002     1.3185605660066371     
   8.40664710849523544311523437500000000E-0002    -2.3426659708750064     
   8.50439881905913352966308593750000000E-0002    0.26022497670845729     
   8.60215052962303161621093750000000000E-0002     2.0552801993656735     
   8.69990224018692970275878906250000000E-0002    -1.3161597421253985     
   8.79765395075082778930664062500000000E-0002     1.2966076819258627     
   8.89540566131472587585449218750000000E-0002    -1.9379470141821304     
   8.99315737187862396240234375000000000E-0002   -0.44458469057314376     
   9.09090908244252204895019531250000000E-0002     2.4285179937271280     
   9.18866079300642013549804687500000000E-0002    -1.3003436042259691     
   9.28641250357031822204589843750000000E-0002     1.1381904613726677     
   9.38416421413421630859375000000000000E-0002    -1.4367959134364021     
   9.48191592469811439514160156250000000E-0002    -1.1193615527473071     
   9.57966763526201248168945312500000000E-0002     2.6627600429920948     
   9.67741934582591056823730468750000000E-0002    -1.1395420573247406     
   9.77517105638980865478515625000000000E-0002    0.86318198929394963     
   9.87292276695370674133300781250000000E-0002   -0.88057750941692003     
   9.97067447751760482788085937500000000E-0002    -1.7187688238802297     
  0.100684261880815029144287109375000000           2.7353339974967126     
  0.101661778986454010009765625000000000         -0.84095430336894728     
  0.102639296092092990875244140625000000          0.50124528211825348     
  0.103616813197731971740722656250000000         -0.31385276923622796     
  0.104594330303370952606201171875000000          -2.2031892967579432     
  0.105571847409009933471679687500000000           2.6354204653159621     
  0.106549364514648914337158203125000000         -0.42367555622496406     
  0.107526881620287895202636718750000000           8.9319412332440687E-002
  0.108504398725926876068115234375000000          0.21917046172078189     
  0.109481915831565856933593750000000000          -2.5417142687781058     
  0.110459432937204837799072265625000000           2.3650139669722074     
  0.111436950042843818664550781250000000           8.2728233375134325E-002
  0.112414467148482799530029296875000000         -0.33148008047098015     
  0.113391984254121780395507812500000000          0.67813490161427370     
  0.114369501359760761260986328125000000          -2.7144488220842411     
  0.115347018465399742126464843750000000           1.9388831852210613     
  0.116324535571038722991943359375000000          0.64049870344358073     
  0.117302052676677703857421875000000000         -0.71929683255827426     
  0.118279569782316684722900390625000000           1.0297017757130860     
  0.119257086887955665588378906250000000          -2.7139532320423299     
  0.120234603993594646453857421875000000           1.3835312969281561     
  0.121212121099233627319335937500000000           1.2066367801208848     
  0.122189638204872608184814453125000000          -1.0350288981262039     
  0.123167155310511589050292968750000000           1.2501382304564823     
  0.124144672416150569915771484375000000          -2.5457087184755522     
  0.125122189521789550781250000000000000          0.73523635155352840     
  0.126099706627428531646728515625000000           1.7362941024991567     
  0.127077223733067512512207031250000000          -1.2456023836246355     
  0.128054740838706493377685546875000000           1.3271197871641900     
  0.129032257944345474243164062500000000          -2.2275730248632182     
  0.130009775049984455108642578125000000           3.7324535099059593E-002
  0.130987292155623435974121093750000000           2.1863351069349424     
  0.131964809261262416839599609375000000          -1.3267599369945100     
  0.132942326366901397705078125000000000           1.2606062310733277     
  0.133919843472540378570556640625000000          -1.7882712751148524     
  0.134897360578179359436035156250000000         -0.66311005844906035     
  0.135874877683818340301513671875000000           2.5187866659635039     
  0.136852394789457321166992187500000000          -1.2651392397878267     
  0.137829911895096302032470703125000000           1.0627233811402845     
  0.138807429000735282897949218750000000          -1.2650438655633385     
  0.139784946106374263763427734375000000          -1.3187816621223551     
  0.140762463212013244628906250000000000           2.7039006421239087     
  0.141739980317652225494384765625000000          -1.0594732735648553     
  0.142717497423291206359863281250000000          0.75666256461843806     
  0.143695014528930187225341796875000000         -0.70063974302396059     
  0.144672531634569168090820312500000000          -1.8858041307284521     
  0.145650048740208148956298828125000000           2.7225850228577819     
  0.146627565845847129821777343750000000         -0.72081418860582902     
  0.147605082951486110687255859375000000          0.37468801060535328     
  0.148582600057125091552734375000000000         -0.13989501267389476     
  0.149560117162764072418212890625000000          -2.3270151550449674     
  0.150537634268403053283691406250000000           2.5680090492905188     
  0.151515151374042034149169921875000000         -0.27176051884893593     
  0.152492668479681015014648437500000000          -4.4586459118217771E-002
  0.153470185585319995880126953125000000          0.37383068035309885     
  0.154447702690958976745605468750000000          -2.6147724233070870     
  0.155425219796597957611083984375000000           2.2462529934858040     
  0.156402736902236938476562500000000000          0.25525293777583569     
  0.157380254007875919342041015625000000         -0.45943178770206011     
  0.158357771113514900207519531250000000          0.80207671871563735     
  0.159335288219153881072998046875000000          -2.7330026063418291     
  0.160312805324792861938476562500000000           1.7759487977138635     
  0.161290322430431842803955078125000000          0.82046835254961337     
  0.162267839536070823669433593750000000         -0.82848868370858442     
  0.163245356641709804534912109375000000           1.1142914387834704     
  0.164222873747348785400390625000000000          -2.6783432473483622     
  0.165200390852987766265869140625000000           1.1869376665642444     
  0.166177907958626747131347656250000000           1.3799227251770496     
  0.167155425064265727996826171875000000          -1.1142228741843345     
  0.168132942169904708862304687500000000           1.2901910897279187     
  0.169110459275543689727783203125000000          -2.4602894954920651     
  0.170087976381182670593261718750000000          0.51804855540148631     
  0.171065493486821651458740234375000000           1.8889233677623976     
  0.172043010592460632324218750000000000          -1.2860725918581226     
  0.173020527698099613189697265625000000           1.3212816936269127     
  0.173998044803738594055175781250000000          -2.1003364268334073     
  0.174975561909377574920654296875000000         -0.18582885629741744     
  0.175953079015016555786132812500000000           2.3056051168868259     
  0.176930596120655536651611328125000000          -1.3230348176418933     
  0.177908113226294517517089843750000000           1.2114246359964498     
  0.178885630331933498382568359375000000          -1.6301871882107994     
  0.179863147437572479248046875000000000         -0.87714721241710047     
  0.180840664543211460113525390625000000           2.5942864063564208     
  0.181818181648850440979003906250000000          -1.2154815548221136     
  0.182795698754489421844482421875000000          0.97640321503738503     
  0.183773215860128402709960937500000000          -1.0891710673875061     
  0.184750732965767383575439453125000000          -1.5093133283326041     
  0.185728250071406364440917968750000000           2.7283568506744116     
  0.186705767177045345306396484375000000         -0.96605882152541744     
  0.187683284282684326171875000000000000          0.64252713315639964     
  0.188660801388323307037353515625000000         -0.52107797183570204     
  0.189638318493962287902832031250000000          -2.0402250703106666     
  0.190615835599601268768310546875000000           2.6924657708958737     
  0.191593352705240249633789062500000000         -0.58959422739923950     
  0.192570869810879230499267578125000000          0.24438867912504383     
  0.193548386916518211364746093750000000           2.9338261305744372E-002
  0.194525904022157192230224609375000000          -2.4354554387934124     
  0.195503421127796173095703125000000000           2.4838362255053115     
  0.196480938233435153961181640625000000         -0.11201812638672984     
  0.197458455339074134826660156250000000         -0.17804798454231346     
  0.198435972444713115692138671875000000          0.51990944327121558     
  0.199413489550352096557617187500000000          -2.6708339893782735     
  0.200391006655991077423095703125000000           2.1125982154857414     
  0.201368523761630058288574218750000000          0.43161788637148141     
  0.202346040867269039154052734375000000         -0.58278983049213029     
  0.203323557972908020019531250000000000          0.91437348871224033     
  0.204301075078547000885009765625000000          -2.7342234846349580     
  0.205278592184185981750488281250000000           1.6011123294237990     
  0.206256109289824962615966796875000000          0.99986920860848538     
  0.207233626395463943481445312500000000         -0.92932120282506714     
  0.208211143501102924346923828125000000           1.1852024217714630     
  0.209188660606741905212402343750000000          -2.6263534337097862     
  0.210166177712380886077880859375000000          0.98233502025071762     
  0.211143694818019866943359375000000000           1.5481574775900351     
  0.212121211923658847808837890625000000          -1.1819911973386661     
  0.213098729029297828674316406250000000           1.3157142126488659     
  0.214076246134936809539794921875000000          -2.3606468802829257     
  0.215053763240575790405273437500000000          0.29735261293956866     
  0.216031280346214771270751953125000000           2.0323024427811518     
  0.217008797451853752136230468750000000          -1.3130095789390694     
  0.217986314557492733001708984375000000           1.3013020923926364     
  0.218963831663131713867187500000000000          -1.9620565096833882     
  0.219941348768770694732666015625000000         -0.40772299656352645     
  0.220918865874409675598144531250000000           2.4120459360343203     
  0.221896382980048656463623046875000000          -1.3048098434010538     
  0.222873900085687637329101562500000000           1.1496855555507657     
  0.223851417191326618194580078125000000          -1.4650045326939056     
  0.224828934296965599060058593750000000          -1.0852534079027629     
  0.225806451402604579925537109375000000           2.6542875647421384     
  0.226783968508243560791015625000000000          -1.1515884986741336     
  0.227761485613882541656494140625000000          0.88016539843943942     
  0.228739002719521522521972656250000000         -0.91059164278727911     
  0.229716519825160503387451171875000000          -1.6896927179759429     
  0.230694036930799484252929687500000000           2.7357742003975671     
  0.231671554036438465118408203125000000         -0.85989534788101807     
  0.232649071142077445983886718750000000          0.52194463620450482     
  0.233626588247716426849365234375000000         -0.34329801198226506     
  0.234604105353355407714843750000000000          -2.1810421213243179     
  0.235581622458994388580322265625000000           2.6450283000337378     
  0.236559139564633369445800781250000000         -0.44822527426156339     
  0.237536656670272350311279296875000000          0.11165166867641761     
  0.238514173775911331176757812500000000          0.19256078743711072     
  0.239491690881550312042236328125000000          -2.5278688031537033     
  0.240469207987189292907714843750000000           2.3833601746700364     
  0.241446725092828273773193359375000000           5.4358267164919032E-002
  0.242424242198467254638671875000000000         -0.30973430662520701     
  0.243401759304106235504150390625000000          0.65634103687497125     
  0.244379276409745216369628906250000000          -2.7096523503608614     
  0.245356793515384197235107421875000000           1.9648817400194150     
  0.246334310621023178100585937500000000          0.61046049818581549     
  0.247311827726662158966064453125000000         -0.70030796844045606     
  0.248289344832301139831542968750000000           1.0142628040903625     
  0.249266861937940120697021484375000000          -2.7182751956229403     
  0.250244379043579101562500000000000000           1.4155183012028334     
  0.251221896149218082427978515625000000           1.1772769174534916     
  0.252199413254857063293457031250000000          -1.0207370523542920     
  0.253176930360496044158935546875000000           1.2420335919741432     
  0.254154447466135025024414062500000000          -2.5585414246291069     
  0.255131964571774005889892578125000000          0.77109426086653376     
  0.256109481677412986755371093750000000           1.7099680203167777     
  0.257086998783051967620849609375000000          -1.2375545171384390     
  0.258064515888690948486328125000000000           1.3266963688441624     
  0.259042032994329929351806640625000000          -2.2476852305394663     
  0.260019550099968910217285156250000000           7.4641998232526346E-002
  0.260997067205607891082763671875000000           2.1652194251535319     
  0.261974584311246871948242187500000000          -1.3259786818625865     
  0.262952101416885852813720703125000000           1.2675567311058591     
  0.263929618522524833679199218750000000          -1.8139102810138945     
  0.264907135628163814544677734375000000         -0.62685528116560763     
  0.265884652733802795410156250000000000           2.5047044820113649     
  0.266862169839441776275634765625000000          -1.2720339580156372     
  0.267839686945080757141113281250000000           1.0761175479747105     
  0.268817204050719738006591796875000000          -1.2940779202863468     
  0.269794721156358718872070312500000000          -1.2860310680575180     
  0.270772238261997699737548828125000000           2.6981737177138836     
  0.271749755367636680603027343750000000          -1.0738005790129412     
  0.272727272473275661468505859375000000          0.77502869160457388     
  0.273704789578914642333984375000000000         -0.73072937551700279     
  0.274682306684553623199462890625000000          -1.8587331881766096     
  0.275659823790192604064941406250000000           2.7259246700832227     
  0.276637340895831584930419921875000000         -0.74169120885667894     
  0.277614858001470565795898437500000000          0.39613805709201128     
  0.278592375107109546661376953125000000         -0.16867963558214627     
  0.279569892212748527526855468750000000          -2.3073689140217635     
  0.280547409318387508392333984375000000           2.5804544707453867     
  0.281524926424026489257812500000000000         -0.29772996433229032     
  0.282502443529665470123291015625000000          -2.2198229055991517E-002
  0.283479960635304450988769531250000000          0.34854574296065782     
  0.284457477740943431854248046875000000          -2.6037349212500529     
  0.285434994846582412719726562500000000           2.2671620802012713     
  0.286412511952221393585205078125000000          0.22611096790231369     
  0.287390029057860374450683593750000000         -0.43832943062784191     
  0.288367546163499355316162109375000000          0.78214763447418345     
  0.289345063269138336181640625000000000          -2.7311102879436446     
  0.290322580374777317047119140625000000           1.8040422379797960     
  0.291300097480416297912597656250000000          0.79038663504168827     
  0.292277614586055278778076171875000000         -0.81078890140299931     
  0.293255131691694259643554687500000000           1.1010913842554741     
  0.294232648797333240509033203125000000          -2.6854491305070209     
  0.295210165902972221374511718750000000           1.2203929977375572     
  0.296187683008611202239990234375000000           1.3512710933978531     
  0.297165200114250183105468750000000000          -1.1017579749306579     
  0.298142717219889163970947265625000000           1.2845053059813123     
  0.299120234325528144836425781250000000          -2.4755807959707008     
  0.300097751431167125701904296875000000          0.55463683480074277     
  0.301075268536806106567382812500000000           1.8640207517055700     
  0.302052785642445087432861328125000000          -1.2802363373064627     
  0.303030302748084068298339843750000000           1.3232503385014527     
  0.304007819853723049163818359375000000          -2.1224041219108112     
  0.304985336959362030029296875000000000         -0.14857446215260711     
  0.305962854065001010894775390625000000           2.2865343758008621     
  0.306940371170639991760253906250000000          -1.3246635792896717     
  0.307917888276278972625732421875000000           1.2205378706516341     
  0.308895405381917953491210937500000000          -1.6571418904716435     
  0.309872922487556934356689453125000000         -0.84174415042364503     
  0.310850439593195915222167968750000000           2.5827266902905830     
  0.311827956698834896087646484375000000          -1.2247803882790833     
  0.312805473804473876953125000000000000          0.99154879097396087     
  0.313782990910112857818603515625000000          -1.1187959201093105     
  0.314760508015751838684082031250000000          -1.4781384046384511     
  0.315738025121390819549560546875000000           2.7254468585243008     
  0.316715542227029800415039062500000000         -0.98257848385186364     
  0.317693059332668781280517578125000000          0.66208655582601905     
  0.318670576438307762145996093750000000         -0.55100635767048145     
  0.319648093543946743011474609375000000          -2.0153342459268577     
  0.320625610649585723876953125000000000           2.6987088403081265     
  0.321603127755224704742431640625000000         -0.61226109797940031     
  0.322580644860863685607910156250000000          0.26637414890937139     
  0.323558161966502666473388671875000000           1.4343548423880279E-003
  0.324535679072141647338867187500000000          -2.4184288257490332     
  0.325513196177780628204345703125000000           2.4990548871775791     
  0.326490713283419609069824218750000000         -0.13921476846058753     
  0.327468230389058589935302734375000000         -0.15582690544716227     
  0.328445747494697570800781250000000000          0.49613538021752362     
  0.329423264600336551666259765625000000          -2.6626582009617930     
  0.330400781705975532531738281250000000           2.1359419330762601     
  0.331378298811614513397216796875000000          0.40192783215720290     
  0.332355815917253494262695312500000000         -0.56254324715793025     
  0.333333333022892475128173828125000000          0.89644687310175131     
  0.334310850128531455993652343750000000          -2.7352205332641697     
  0.335288367234170436859130859375000000           1.6311179369782023     
  0.336265884339809417724609375000000000          0.96998165343642029     
  0.337243401445448398590087890625000000         -0.91309433450118693     
  0.338220918551087379455566406250000000           1.1743199985977348     
  0.339198435656726360321044921875000000          -2.6361616823078511     
  0.340175952762365341186523437500000000           1.0170351960074688     
  0.341153469868004322052001953125000000           1.5204466555321767     
  0.342130986973643302917480468750000000          -1.1714930901983345     
  0.343108504079282283782958984375000000           1.3124612933011890     
  0.344086021184921264648437500000000000          -2.3782554306079811     
  0.345063538290560245513916015625000000          0.33442392300297075     
  0.346041055396199226379394531250000000           2.0090322048025286     
  0.347018572501838207244873046875000000          -1.3094688749445298     
  0.347996089607477188110351562500000000           1.3056116136861065     
  0.348973606713116168975830078125000000          -1.9858901812651135     
  0.349951123818755149841308593750000000         -0.37078408664988516     
  0.350928640924394130706787109375000000           2.3951885674302589     
  0.351906158030033111572265625000000000          -1.3088692381145577     
  0.352883675135672092437744140625000000           1.1608499153303051     
  0.353861192241311073303222656250000000          -1.4930525847563287     
  0.354838709346950054168701171875000000          -1.0509403721390516     
  0.355816226452589035034179687500000000           2.6453645534206078     
  0.356793743558228015899658203125000000          -1.1632464352969494     
  0.357771260663866996765136718750000000          0.89689999697222944     
  0.358748777769505977630615234375000000         -0.94056993645585285     
  0.359726294875144958496093750000000000          -1.6602995993625487     
  0.360703811980783939361572265625000000           2.7357316629486497     
  0.361681329086422920227050781250000000         -0.87849972665259168     
  0.362658846192061901092529296875000000          0.54249792652697759     
  0.363636363297700881958007812500000000         -0.37283167540142997     
  0.364613880403339862823486328125000000          -2.1584898290554562     
  0.365591397508978843688964843750000000           2.6541570409467341     
  0.366568914614617824554443359375000000         -0.47251980540615629     
  0.367546431720256805419921875000000000          0.13395280904376472     
  0.368523948825895786285400390625000000          0.16574873374172461     
  0.369501465931534767150878906250000000          -2.5135607130224082     
  0.370478983037173748016357421875000000           2.4012668280417206     
  0.371456500142812728881835937500000000           2.6138642198216162E-002
  0.372434017248451709747314453125000000         -0.28790210384416848     
  0.373411534354090690612792968750000000          0.63425008584641429     
  0.374389051459729671478271484375000000          -2.7043705215654632     
  0.375366568565368652343750000000000000           1.9905134025035469     
  0.376344085671007633209228515625000000          0.58045261385930713     
  0.377321602776646614074707031250000000         -0.68112234609029654     
  0.378299119882285594940185546875000000          0.99845864777180304     
  0.379276636987924575805664062500000000          -2.7221252988528386     
  0.380254154093563556671142578125000000           1.4472388305841362     
  0.381231671199202537536621093750000000           1.1478216435659654     
  0.382209188304841518402099609375000000          -1.0061545669130254     
  0.383186705410480499267578125000000000           1.2335274604801814     
  0.384164222516119480133056640625000000          -2.5709506175970720     
  0.385141739621758460998535156250000000          0.80680632275459530     
  0.386119256727397441864013671875000000           1.6834250657522032     
  0.387096773833036422729492187500000000          -1.2291464860203836     
  0.388074290938675403594970703125000000           1.3258695386360451     
  0.389051808044314384460449218750000000          -2.2674530244951687     
  0.390029325149953365325927734375000000          0.11194531894166444     
  0.391006842255592346191406250000000000           2.1437793903102147     
  0.391984359361231327056884765625000000          -1.3247980410016149     
  0.392961876466870307922363281250000000           1.2741361059874108     
  0.393939393572509288787841796875000000          -1.8393082481837193     
  0.394916910678148269653320312500000000         -0.59048186657792445     
  0.395894427783787250518798828125000000           2.4902131080250660     
  0.396871944889426231384277343750000000          -1.2785238782635702     
  0.397849461995065212249755859375000000           1.0892041363404386     
  0.398826979100704193115234375000000000          -1.3229902306286792     
  0.399804496206343173980712890625000000          -1.2530380694824108     
  0.400782013311982154846191406250000000           2.6919823359020967     
  0.401759530417621135711669921875000000          -1.0877522592881443     
  0.402737047523260116577148437500000000          0.79317658097461252     
  0.403714564628899097442626953125000000         -0.76082292821358966     
  0.404692081734538078308105468750000000          -1.8313144655917588     
  0.405669598840177059173583984375000000           2.7287787965089354     
  0.406647115945816040039062500000000000         -0.76225434062640540     
  0.407624633051455020904541015625000000          0.41747745787702101     
  0.408602150157094001770019531250000000         -0.19759022205981946     
  0.409579667262732982635498046875000000          -2.2872958437838338     
  0.410557184368371963500976562500000000           2.5924294815852904     
  0.411534701474010944366455078125000000         -0.32347515807594068     
  0.412512218579649925231933593750000000           1.9618628485722808E-004
  0.413489735685288906097412109375000000          0.32302605733325090     
  0.414467252790927886962890625000000000          -2.5922237353590871     
  0.415444769896566867828369140625000000           2.2876511824605674     
  0.416422287002205848693847656250000000          0.19708265359545066     
  0.417399804107844829559326171875000000         -0.41710457353745783     
  0.418377321213483810424804687500000000          0.76189679469726002     
  0.419354838319122791290283203125000000          -2.7287329692512374     
  0.420332355424761772155761718750000000           1.8317978124050198     
  0.421309872530400753021240234375000000          0.76029568684917137     
  0.422287389636039733886718750000000000         -0.79286053436609072     
  0.423264906741678714752197265625000000           1.0875110694936054     
  0.424242423847317695617675781250000000          -2.6920947958546475     
  0.425219940952956676483154296875000000           1.2536181650754539     
  0.426197458058595657348632812500000000           1.3224847659705838     
  0.427174975164234638214111328125000000          -1.0889775269733672     
  0.428152492269873619079589843750000000           1.2784136609149901     
  0.429130009375512599945068359375000000          -2.4904705002255296     
  0.430107526481151580810546875000000000          0.59112011841511558     
  0.431085043586790561676025390625000000           1.8388653788474481     
  0.432062560692429542541503906250000000          -1.2740240425779983     
  0.433040077798068523406982421875000000           1.3248221564987459     
  0.434017594903707504272460937500000000          -2.1441577864253394     
  0.434995112009346485137939453125000000         -0.11129191890848504     
  0.435972629114985466003417968750000000           2.2671096805165716     
  0.436950146220624446868896484375000000          -1.3258875013919826     
  0.437927663326263427734375000000000000           1.2292968795997226     
  0.438905180431902408599853515625000000          -1.6838919355048627     
  0.439882697537541389465332031250000000         -0.80618193355587642     
  0.440860214643180370330810546875000000           2.5707368702460065     
  0.441837731748819351196289062500000000          -1.2336799392432816     
  0.442815248854458332061767578125000000           1.0064125315512904     
  0.443792765960097312927246093750000000          -1.1483384896546418     
  0.444770283065736293792724609375000000          -1.4466854072682158     
  0.445747800171375274658203125000000000           2.7220619146516758     
  0.446725317277014255523681640625000000         -0.99873866689998136     
  0.447702834382653236389160156250000000          0.68146014446755832     
  0.448680351488292217254638671875000000         -0.58097805993016305     
  0.449657868593931198120117187500000000          -1.9900675143356195     
  0.450635385699570178985595703125000000           2.7044672360633313     
  0.451612902805209159851074218750000000         -0.63463965596529015     
  0.452590419910848140716552734375000000          0.28828531773546345     
  0.453567937016487121582031250000000000          -2.6631727839882581E-002
  0.454545454122126102447509765625000000          -2.4009568997388842     
  0.455522971227765083312988281250000000           2.5138153630571316     
  0.456500488333404064178466796875000000         -0.16622019650670267     
  0.457478005439043045043945312500000000         -0.13356239159741429     
  0.458455522544682025909423828125000000          0.47209638469582493     
  0.459433039650321006774902343750000000          -2.6540012332946241     
  0.460410556755959987640380859375000000           2.1588884143576532     
  0.461388073861598968505859375000000000          0.37231351473052315     
  0.462365590967237949371337890625000000         -0.54213911880136834     
  0.463343108072876930236816406250000000          0.87817669176542845     
  0.464320625178515911102294921875000000          -2.7357365584787585     
  0.465298142284154891967773437500000000           1.6608172708088780     
  0.466275659389793872833251953125000000          0.94004505683562889     
  0.467253176495432853698730468750000000         -0.89660897276852125     
  0.468230693601071834564208984375000000           1.1630455400609487     
  0.469208210706710815429687500000000000          -2.6455247490462970     
  0.470185727812349796295166015625000000           1.0515432705841574     
  0.471163244917988777160644531250000000           1.4925625954490709     
  0.472140762023627758026123046875000000          -1.1606571805381609     
  0.473118279129266738891601562500000000           1.3088016183877913     
  0.474095796234905719757080078125000000          -2.3954872041096187     
  0.475073313340544700622558593750000000          0.37143188888664441     
  0.476050830446183681488037109375000000           1.9854750164325130     
  0.477028347551822662353515625000000000          -1.3055394339986559     
  0.478005864657461643218994140625000000           1.3095342599289097     
  0.478983381763100624084472656250000000          -2.0094423901223588     
  0.479960898868739604949951171875000000         -0.33377495063617701     
  0.480938415974378585815429687500000000           2.3779501551259288     
  0.481915933080017566680908203125000000          -1.3125217855058231     
  0.482893450185656547546386718750000000           1.1716799367411459     
  0.483870967291295528411865234375000000          -1.5209336644796274     
  0.484848484396934509277343750000000000          -1.0164288760849687     
  0.485826001502573490142822265625000000           2.6359936631155696     
  0.486803518608212471008300781250000000          -1.1745140399456460     
  0.487781035713851451873779296875000000          0.91338087145561309     
  0.488758552819490432739257812500000000         -0.97050573115065830     
  0.489736069925129413604736328125000000          -1.6305948524591662     
  0.490713587030768394470214843750000000           2.7352072019332745     
  0.491691104136407375335693359375000000         -0.89676391800051902     
  0.492668621242046356201171875000000000          0.56289934424985399     
  0.493646138347685337066650390625000000         -0.40244737501204303     
  0.494623655453324317932128906250000000          -2.1355363532929075     
  0.495601172558963298797607421875000000           2.6628055865858999     
  0.496578689664602279663085937500000000         -0.49655420108713377     
  0.497556206770241260528564453125000000          0.15621661532315284     
  0.498533723875880241394042968750000000          0.13873990673777667     
  0.499511240981519222259521484375000000          -2.4987921896691412     
  0.500488758087158203125000000000000000           2.4187309764072955     
  0.501466275192797183990478515625000000          -1.9246501871420967E-003
  0.502443792298436164855957031250000000         -0.26598958046566468     
  0.503421309404075145721435546875000000          0.61186643794890061     
  0.504398826509714126586914062500000000          -2.6986036305340062     
  0.505376343615353107452392578125000000           2.0157735866945585     
  0.506353860720992088317871093750000000          0.55048161422150033     
  0.507331377826631069183349609375000000         -0.66174545385348316     
  0.508308894932270050048828125000000000          0.98229214117051078     
  0.509286412037909030914306640625000000          -2.7255019341912696     
  0.510263929143548011779785156250000000           1.4786870059843271     
  0.511241446249186992645263671875000000           1.1182775753359964     
  0.512218963354825973510742187500000000         -0.99128584981969636     
  0.513196480460464954376220703125000000           1.2246209037192475     
  0.514173997566103935241699218750000000          -2.5829329301202875     
  0.515151514671742916107177734375000000          0.84236580873382960     
  0.516129031777381896972656250000000000           1.6566713817832304     
  0.517106548883020877838134765625000000          -1.2203812445799365     
  0.518084065988659858703613281250000000           1.3246385291710012     
  0.519061583094298839569091796875000000          -2.2868715593595867     
  0.520039100199937820434570312500000000          0.14922742978112008     
  0.521016617305576801300048828125000000           2.1220201786575990     
  0.521994134411215782165527343750000000          -1.3232192587310925     
  0.522971651516854763031005859375000000           1.2803418331196093     
  0.523949168622493743896484375000000000          -1.8644592432318203     
  0.524926685728132724761962890625000000         -0.55399668402485525     
  0.525904202833771705627441406250000000           2.4753163341683364     
  0.526881719939410686492919921875000000          -1.2846084164774303     
  0.527859237045049667358398437500000000           1.1019790898949902     
  0.528836754150688648223876953125000000          -1.3517742542459987     
  0.529814271256327629089355468750000000          -1.2198088161277356     
  0.530791788361966609954833984375000000           2.6853285883559268     
  0.531769305467605590820312500000000000          -1.1013259312769927     
  0.532746822573244571685791015625000000          0.81110098770345007     
  0.533724339678883552551269531250000000         -0.79091377183523870     
  0.534701856784522533416748046875000000          -1.8035529281270162     
  0.535679373890161514282226562500000000           2.7311476149113698     
  0.536656890995800495147705078125000000         -0.78249957676631188     
  0.537634408101439476013183593750000000          0.43870022000810410     
  0.538611925207078456878662109375000000         -0.22662058132334514     
  0.539589442312717437744140625000000000          -2.2667993529547221     
  0.540566959418356418609619140625000000           2.6039323819364877     
  0.541544476523995399475097656250000000         -0.34899077600418332     
  0.542521993629634380340576171875000000           2.2590546961076114E-002
  0.543499510735273361206054687500000000          0.29727688865676133     
  0.544477027840912342071533203125000000          -2.5802404679074598     
  0.545454544946551322937011718750000000           2.3077168036359410     
  0.546432062052190303802490234375000000          0.16817422085061368     
  0.547409579157829284667968750000000000         -0.39576318255993181     
  0.548387096263468265533447265625000000          0.74132812881822585     
  0.549364613369107246398925781250000000          -2.7258703379352700     
  0.550342130474746227264404296875000000           1.8592104843304462     
  0.551319647580385208129882812500000000          0.73020214580720788     
  0.552297164686024188995361328125000000         -0.77470877613436706     
  0.553274681791663169860839843750000000           1.0735527874092126     
  0.554252198897302150726318359375000000          -2.6982780579989343     
  0.555229716002941131591796875000000000           1.2866069694527957     
  0.556207233108580112457275390625000000           1.2935702662796040     
  0.557184750214219093322753906250000000          -1.0758855146447781     
  0.558162267319858074188232421875000000           1.2719166432120885     
  0.559139784425497055053710937500000000          -2.5049547374969245     
  0.560117301531136035919189453125000000          0.62749151350267507     
  0.561094818636775016784667968750000000           1.8134631374301444     
  0.562072335742413997650146484375000000          -1.2674381435385824     
  0.563049852848052978515625000000000000           1.3259958104715968     
  0.564027369953691959381103515625000000          -2.1655921829018663     
  0.565004887059330940246582031250000000          -7.3988289583295216E-002
  0.565982404164969921112060546875000000           2.2473358104760019     
  0.566959921270608901977539062500000000          -1.3267072568549321     
  0.567937438376247882843017578125000000           1.2376986257379534     
  0.568914955481886863708496093750000000          -1.7104311431780126     
  0.569892472587525844573974609375000000         -0.77046725838825059     
  0.570869989693164825439453125000000000           2.5583202280051811     
  0.571847506798803806304931640625000000          -1.2421790454044179     
  0.572825023904442787170410156250000000           1.0209899626652494     
  0.573802541010081768035888671875000000          -1.1777921488339156     
  0.574780058115720748901367187500000000          -1.4149601584249154     
  0.575757575221359729766845703125000000           2.7182035302087670     
  0.576735092326998710632324218750000000          -1.0145364492418838     
  0.577712609432637691497802734375000000          0.70064236667583213     
  0.578690126538276672363281250000000000         -0.61098653202641606     
  0.579667643643915653228759765625000000          -1.9644293841233043     
  0.580645160749554634094238281250000000           2.7097405635427041     
  0.581622677855193614959716796875000000         -0.65672543954175688     
  0.582600194960832595825195312500000000          0.31011605877871762     
  0.583577712066471576690673828125000000          -5.4854038507875146E-002
  0.584555229172110557556152343750000000          -2.3830425196164211     
  0.585532746277749538421630859375000000           2.5281153664862068     
  0.586510263383388519287109375000000000         -0.19302875256638818     
  0.587487780489027500152587890625000000         -0.11126065253134963     
  0.588465297594666481018066406250000000          0.44779733984031989     
  0.589442814700305461883544921875000000          -2.6448640887843227     
  0.590420331805944442749023437500000000           2.1814336424986713     
  0.591397848911583423614501953125000000          0.34278134559346718     
  0.592375366017222404479980468750000000         -0.52158321931498330     
  0.593352883122861385345458984375000000          0.85956638398635554     
  0.594330400228500366210937500000000000          -2.7357706449527552     
  0.595307917334139347076416015625000000           1.6902048814402708     
  0.596285434439778327941894531250000000          0.91006607793587468     
  0.597262951545417308807373046875000000         -0.87986997256168320     
  0.598240468651056289672851562500000000           1.1513807807531355     
  0.599217985756695270538330078125000000          -2.6544398895079513     
  0.600195502862334251403808593750000000           1.0858527718369453     
  0.601173019967973232269287109375000000           1.4645116750096914     
  0.602150537073612213134765625000000000          -1.1494869949764226     
  0.603128054179251194000244140625000000           1.3047350953663623     
  0.604105571284890174865722656250000000          -2.4123378584879660     
  0.605083088390529155731201171875000000          0.40836950607430922     
  0.606060605496168136596679687500000000           1.9616364636720975     
  0.607038122601807117462158203125000000          -1.3012231520083419     
  0.608015639707446098327636718750000000           1.3130681368228212     
  0.608993156813085079193115234375000000          -2.0327075512068702     
  0.609970673918724060058593750000000000         -0.29670259328798082     
  0.610948191024363040924072265625000000           2.3603350427515575     
  0.611925708130002021789550781250000000          -1.3157675798178845     
  0.612903225235641002655029296875000000           1.1821720945518777     
  0.613880742341279983520507812500000000          -1.5486413946973301     
  0.614858259446918964385986328125000000         -0.98172539261265845     
  0.615835776552557945251464843750000000           2.6261776398493804     
  0.616813293658196926116943359375000000          -1.1853895796835530     
  0.617790810763835906982421875000000000          0.92960316800831833     
  0.618768327869474887847900390625000000          -1.0003923677574635     
  0.619745844975113868713378906250000000          -1.6005839278914504     
  0.620723362080752849578857421875000000           2.7342017344325700     
  0.621700879186391830444335937500000000         -0.91468448411758818     
  0.622678396292030811309814453125000000          0.58314311611562264     
  0.623655913397669792175292968750000000         -0.43213869884264383     
  0.624633430503308773040771484375000000          -2.1121857123495089     
  0.625610947608947753906250000000000000           2.6709729363117756     
  0.626588464714586734771728515625000000         -0.52032357934656404     
  0.627565981820225715637207031250000000          0.17843687814192194     
  0.628543498925864696502685546875000000          0.11153996529783744     
  0.629521016031503677368164062500000000          -2.4835655214484986     
  0.630498533137142658233642578125000000           2.4357497625559499     
  0.631476050242781639099121093750000000          -2.9825662538127174E-002
  0.632453567348420619964599609375000000         -0.24400286363140739     
  0.633431084454059600830078125000000000          0.58919455628016526     
  0.634408601559698581695556640625000000          -2.6923520736643924     
  0.635386118665337562561035156250000000           2.0406577853945151     
  0.636363635770976543426513671875000000          0.52055404554182427     
  0.637341152876615524291992187500000000         -0.64218282490953049     
  0.638318669982254505157470703125000000          0.96576620726076068     
  0.639296187087893486022949218750000000          -2.7284035922082461     
  0.640273704193532466888427734375000000           1.5098570062256191     
  0.641251221299171447753906250000000000           1.0886513401241005     
  0.642228738404810428619384765625000000         -0.97613537634767100     
  0.643206255510449409484863281250000000           1.2153150856861799     
  0.644183772616088390350341796875000000          -2.5944850819472967     
  0.645161289721727371215820312500000000          0.87776602281130611     
  0.646138806827366352081298828125000000           1.6297131491927168     
  0.647116323933005332946777343750000000          -1.2112618313898758     
  0.648093841038644313812255859375000000           1.3230026692292811     
  0.649071358144283294677734375000000000          -2.3059360569116159     
  0.650048875249922275543212890625000000          0.18648126782478255     
  0.651026392355561256408691406250000000           2.0999470287521897     
  0.652003909461200237274169921875000000          -1.3212436738505446     
  0.652981426566839218139648437500000000           1.2861714781885971     
  0.653958943672478199005126953125000000          -1.8893573787328988     
  0.654936460778117179870605468750000000         -0.51740662665282866     
  0.655913977883756160736083984375000000           2.4600180326302628     
  0.656891494989395141601562500000000000          -1.2902870856753905     
  0.657869012095034122467041015625000000           1.1144384255985629     
  0.658846529200673103332519531250000000          -1.3804234681048506     
  0.659824046306312084197998046875000000          -1.1863495079879796     
  0.660801563411951065063476562500000000           2.6782146621344909     
  0.661779080517590045928955078125000000          -1.1145193036808572     
  0.662756597623229026794433593750000000          0.82879671918351516     
  0.663734114728868007659912109375000000         -0.82099526840713799     
  0.664711631834506988525390625000000000          -1.7754536137073818     
  0.665689148940145969390869140625000000           2.7330314393941961     
  0.666666666045784950256347656250000000         -0.80242298923634781     
  0.667644183151423931121826171875000000          0.45980037784683658     
  0.668621700257062911987304687500000000         -0.25576448676145142     
  0.669599217362701892852783203125000000          -2.2458829397252766     
  0.670576734468340873718261718750000000           2.6149615712689016     
  0.671554251573979854583740234375000000         -0.37427155399141027     
  0.672531768679618835449218750000000000           4.4978613042207301E-002
  0.673509285785257816314697265625000000          0.27130356204689832     
  0.674486802890896797180175781250000000          -2.5677868205066030     
  0.675464319996535778045654296875000000           2.3273555366793879     
  0.676441837102174758911132812500000000          0.13939185981146324     
  0.677419354207813739776611328125000000         -0.37431125111358282     
  0.678396871313452720642089843750000000          0.72044564536415479     
  0.679374388419091701507568359375000000          -2.7225221829954762     
  0.680351905524730682373046875000000000           1.8862752898872805     
  0.681329422630369663238525390625000000          0.70011264102877857     
  0.682306939736008644104003906250000000         -0.75633887264031496     
  0.683284456841647624969482421875000000           1.0592189227200703     
  0.684261973947286605834960937500000000          -2.7039968269483570     
  0.685239491052925586700439453125000000           1.3193532620311657     
  0.686217008158564567565917968750000000           1.2645341369945442     
  0.687194525264203548431396484375000000          -1.0624859955630697     
  0.688172042369842529296875000000000000           1.2650148386268634     
  0.689149559475481510162353515625000000          -2.5190297190661184     
  0.690127076581120491027832031250000000          0.66374415115473995     
  0.691104593686759471893310546875000000           1.7878199616396240     
  0.692082110792398452758789062500000000          -1.2604811643278735     
  0.693059627898037433624267578125000000           1.3267700577588402     
  0.694037145003676414489746093750000000          -2.1867021361898815     
  0.695014662109315395355224609375000000          -3.6670641688149312E-002
  0.695992179214954376220703125000000000           2.2272176142516003     
  0.696969696320593357086181640625000000          -1.3271236147299754     
  0.697947213426232337951660156250000000           1.2457401562396320     
  0.698924730531871318817138671875000000          -1.7367533711879901     
  0.699902247637510299682617187500000000         -0.73460685396116288     
  0.700879764743149280548095703125000000           2.5454801323447267     
  0.701857281848788261413574218750000000          -1.2502766407059389     
  0.702834798954427242279052734375000000           1.0352766774862638     
  0.703812316060066223144531250000000000          -1.2071502809662815     
  0.704789833165705204010009765625000000          -1.3829685381998291     
  0.705767350271344184875488281250000000           2.7138733144517464     
  0.706744867376983165740966796875000000          -1.0299689980214262     
  0.707722384482622146606445312500000000          0.71962773490218801     
  0.708699901588261127471923828125000000         -0.64102520990836920     
  0.709677418693900108337402343750000000          -1.9384244426405683     
  0.710654935799539089202880859375000000           2.7145285296898840     
  0.711632452905178070068359375000000000         -0.67851406058785235     
  0.712609970010817050933837890625000000          0.33186026404354868     
  0.713587487116456031799316406250000000          -8.3226585066612721E-002
  0.714565004222095012664794921875000000          -2.3646886376939209     
  0.715542521327733993530273437500000000           2.5419527078844855     
  0.716520038433372974395751953125000000         -0.21963483147201324     
  0.717497555539011955261230468750000000          -8.8927906500431739E-002
  0.718475072644650936126708984375000000          0.42324319538014682     
  0.719452589750289916992187500000000000          -2.6352478706648355     
  0.720430106855928897857666015625000000           2.2035736856538062     
  0.721407623961567878723144531250000000          0.31333770873348160     
  0.722385141067206859588623046875000000         -0.50088135814580370     
  0.723362658172845840454101562500000000          0.84061947291057471     
  0.724340175278484821319580078125000000          -2.7353219776621729     
  0.725317692384123802185058593750000000           1.7192753856233745     
  0.726295209489762783050537109375000000          0.88005137599868299     
  0.727272726595401763916015625000000000         -0.86288224835049199     
  0.728250243701040744781494140625000000           1.1393275495709982     
  0.729227760806679725646972656250000000          -2.6629044512211171     
  0.730205277912318706512451171875000000           1.1199572698893487     
  0.731182795017957687377929687500000000           1.4363002998354688     
  0.732160312123596668243408203125000000          -1.1379861388551158     
  0.733137829229235649108886718750000000           1.3002617287993437     
  0.734115346334874629974365234375000000          -2.4288031278797004     
  0.735092863440513610839843750000000000          0.44522978503741895     
  0.736070380546152591705322265625000000           1.9375221862567253     
  0.737047897651791572570800781250000000          -1.2965220164510425     
  0.738025414757430553436279296875000000           1.3162114421278490     
  0.739002931863069534301757812500000000          -2.0556801344907147     
  0.739980448968708515167236328125000000         -0.25957403284044656     
  0.740957966074347496032714843750000000           2.3423476493604607     
  0.741935483179986476898193359375000000          -1.3186068123258377     
  0.742913000285625457763671875000000000           1.1923229431175475     
  0.743890517391264438629150390625000000          -1.5761694276511078     
  0.744868034496903419494628906250000000         -0.94683643546274210     
  0.745845551602542400360107421875000000           2.6159193209299461     
  0.746823068708181381225585937500000000          -1.1958714162277622     
  0.747800585813820362091064453125000000          0.94556209345225051     
  0.748778102919459342956542968750000000          -1.0302231888033939     
  0.749755620025098323822021484375000000          -1.5702723413418427     
  0.750733137130737304687500000000000000           2.7327162775764600     
  0.751710654236376285552978515625000000         -0.93225807180354192     
  0.752688171342015266418457031250000000          0.60322350580029027     
  0.753665688447654247283935546875000000         -0.46189920885071117     
  0.754643205553293228149414062500000000          -2.0884420086748685     
  0.755620722658932209014892578125000000           2.6786581904858728     
  0.756598239764571189880371093750000000         -0.54382312590192528     
  0.757575756870210170745849609375000000          0.20060739831967658     
  0.758553273975849151611328125000000000           8.4154619822633558E-002
  0.759530791081488132476806640625000000          -2.4678830933305922     
  0.760508308187127113342285156250000000           2.4523204233252094     
  0.761485825292766094207763671875000000          -5.7558492595085928E-002
  0.762463342398405075073242187500000000         -0.22194809785197367     
  0.763440859504044055938720703125000000          0.56623897664985279     
  0.764418376609683036804199218750000000          -2.6856163488776521     
  0.765395893715322017669677734375000000           2.0651615711285300     
  0.766373410820960998535156250000000000          0.49067643514996595     
  0.767350927926599979400634765625000000         -0.62244003597073583     
  0.768328445032238960266113281250000000          0.94888385696437405     
  0.769305962137877941131591796875000000          -2.7308288619631882     
  0.770283479243516921997070312500000000           1.5407430692715143     
  0.771260996349155902862548828125000000           1.0589495742939963     
  0.772238513454794883728027343750000000         -0.96070768796411521     
  0.773216030560433864593505859375000000           1.2056112664123113     
  0.774193547666072845458984375000000000          -2.6056038805994994     
  0.775171064771711826324462890625000000          0.91300030290907086     
  0.776148581877350807189941406250000000           1.6025565851787267     
  0.777126098982989788055419921875000000          -1.2017913685485142     
  0.778103616088628768920898437500000000           1.3209613839425414     
  0.779081133194267749786376953125000000          -2.3246418091699534     
  0.780058650299906730651855468750000000          0.22369977617064951     
  0.781036167405545711517333984375000000           2.0775652402650335     
  0.782013684511184692382812500000000000          -1.3188727192860970     
  0.782991201616823673248291015625000000           1.2916226957662351     
  0.783968718722462654113769531250000000          -1.9139968145568869     
  0.784946235828101634979248046875000000         -0.48071860994839943     
  0.785923752933740615844726562500000000           2.4443221567314075     
  0.786901270039379596710205078125000000          -1.2955594960081001     
  0.787878787145018577575683593750000000           1.1265782346651596     
  0.788856304250657558441162109375000000          -1.4089313699426593     
  0.789833821356296539306640625000000000          -1.1526663940066497     
  0.790811338461935520172119140625000000           2.6706428391619026     
  0.791788855567574501037597656250000000          -1.1273301774857776     
  0.792766372673213481903076171875000000          0.84625863644896115     
  0.793743889778852462768554687500000000         -0.85106077273393699     
  0.794721406884491443634033203125000000          -1.7470216319708485     
  0.795698923990130424499511718750000000           2.7344306852713576     
  0.796676441095769405364990234375000000         -0.82202072994811526     
  0.797653958201408386230468750000000000          0.48077199446726354     
  0.798631475307047367095947265625000000         -0.28501567730950650     
  0.799608992412686347961425781250000000          -2.2245501911335404     
  0.800586509518325328826904296875000000           2.6255155486991990     
  0.801564026623964309692382812500000000         -0.39931228901192817     
  0.802541543729603290557861328125000000           6.7354146071075677E-002
  0.803519060835242271423339843750000000          0.24511146138528536     
  0.804496577940881252288818359375000000          -2.5548645937808399     
  0.805474095046520233154296875000000000           2.3465640648227213     
  0.806451612152159214019775390625000000          0.11074172340425742     
  0.807429129257798194885253906250000000         -0.35275479850114350     
  0.808406646363437175750732421875000000          0.69925343109441984     
  0.809384163469076156616210937500000000          -2.7186883948550133     
  0.810361680574715137481689453125000000           1.9129873390396128     
  0.811339197680354118347167968750000000          0.67003379143141273     
  0.812316714785993099212646484375000000         -0.73775612097617338     
  0.813294231891632080078125000000000000           1.0445119514593004     
  0.814271748997271060943603515625000000          -2.7092491086177102     
  0.815249266102910041809082031250000000           1.3518509455623695     
  0.816226783208549022674560546875000000           1.2353829386064550     
  0.817204300314188003540039062500000000          -1.0487830996643148     
  0.818181817419826984405517578125000000           1.2577089299021842     
  0.819159334525465965270996093750000000          -2.5326917391309576     
  0.820136851631104946136474609375000000          0.69987118775799584     
  0.821114368736743927001953125000000000           1.7619418302677734     
  0.822091885842382907867431640625000000          -1.2531557167378278     
  0.823069402948021888732910156250000000           1.3271437505170123     
  0.824046920053660869598388671875000000          -2.2074825346392197     
  0.825024437159299850463867187500000000           6.5395427884885784E-004
  0.826001954264938831329345703125000000           2.2067600084408574     
  0.826979471370577812194824218750000000          -1.3271374399894464     
  0.827956988476216793060302734375000000           1.2534186032725292     
  0.828934505581855773925781250000000000          -1.7628525164428317     
  0.829912022687494754791259765625000000         -0.69860748034964482     
  0.830889539793133735656738281250000000           2.5322200382509656     
  0.831867056898772716522216796875000000          -1.2579717555364924     
  0.832844574004411697387695312500000000           1.0492683375061327     
  0.833822091110050678253173828125000000          -1.2364062813573955     
  0.834799608215689659118652343750000000          -1.3507164833281873     
  0.835777125321328639984130859375000000           2.7090729743402613     
  0.836754642426967620849609375000000000          -1.0450335695473012     
  0.837732159532606601715087890625000000          0.73841080774525480     
  0.838709676638245582580566406250000000         -0.67108751351882567     
  0.839687193743884563446044921875000000          -1.9120573550426481     
  0.840664710849523544311523437500000000           2.7188309430270827     
  0.841642227955162525177001953125000000         -0.70000120562517110     
  0.842619745060801506042480468750000000          0.35351184579411637     
  0.843597262166440486907958984375000000         -0.11174333287836911     
  0.844574779272079467773437500000000000          -2.3458982991424002     
  0.845552296377718448638916015625000000           2.5553252951815528     
  0.846529813483357429504394531250000000         -0.24603288207578802     
  0.847507330588996410369873046875000000          -6.6570379013709241E-002
  0.848484847694635391235351562500000000          0.39843896656205269     
  0.849462364800274372100830078125000000          -2.6251537828026024     
  0.850439881905913352966308593750000000           2.2253046977787880     
  0.851417399011552333831787109375000000          0.28398895921147488     
  0.852394916117191314697265625000000000         -0.48003937893197091     
  0.853372433222830295562744140625000000          0.82133956479658909     
  0.854349950328469276428222656250000000          -2.7343898421116757     
  0.855327467434108257293701171875000000           1.7480234674706434     
  0.856304984539747238159179687500000000          0.85000760893422889     
  0.857282501645386219024658203125000000         -0.84565077297855407     
  0.858260018751025199890136718750000000           1.1268877693512167     
  0.859237535856664180755615234375000000          -2.6709158742879047     
  0.860215052962303161621093750000000000           1.1538503784976384     
  0.861192570067942142486572265625000000           1.4079349020639031     
  0.862170087173581123352050781250000000          -1.1261582953741311     
  0.863147604279220104217529296875000000           1.2953816204031736     
  0.864125121384859085083007812500000000          -2.4448788238373527     
  0.865102638490498065948486328125000000          0.48200575272385515     
  0.866080155596137046813964843750000000           1.9131378763809788     
  0.867057672701776027679443359375000000          -1.2914381058746043     
  0.868035189807415008544921875000000000           1.3189624661205068     
  0.869012706913053989410400390625000000          -2.0783546662181500     
  0.869990224018692970275878906250000000         -0.22239629950327694     
  0.870967741124331951141357421875000000           2.3239924684165461     
  0.871945258229970932006835937500000000          -1.3210397712432214     
  0.872922775335609912872314453125000000           1.2021291172094088     
  0.873900292441248893737792968750000000          -1.6035114464153029     
  0.874877809546887874603271484375000000         -0.91176855786044297     
  0.875855326652526855468750000000000000           2.6052216342820840     
  0.876832843758165836334228515625000000          -1.2059580062705160     
  0.877810360863804817199707031250000000          0.96125291644653188     
  0.878787877969443798065185546875000000          -1.0599915399406927     
  0.879765395075082778930664062500000000          -1.5396656723855020     
  0.880742912180721759796142578125000000           2.7307519482727418     
  0.881720429286360740661621093750000000         -0.94948141317679080     
  0.882697946391999721527099609375000000          0.62313481526026238     
  0.883675463497638702392578125000000000         -0.49172244234770740     
  0.884652980603277683258056640625000000          -2.0643094280023382     
  0.885630497708916664123535156250000000           2.6858605506198927     
  0.886608014814555644989013671875000000         -0.56704809519227484     
  0.887585531920194625854492187500000000          0.22272198831958243     
  0.888563049025833606719970703125000000           5.6589630987802633E-002
  0.889540566131472587585449218750000000          -2.4517473864256560     
  0.890518083237111568450927734375000000           2.4684402901594424     
  0.891495600342750549316406250000000000          -8.5117284589735803E-002
  0.892473117448389530181884765625000000         -0.19983144356784124     
  0.893450634554028511047363281250000000          0.54300430659730703     
  0.894428151659667491912841796875000000          -2.6783970555568626     
  0.895405668765306472778320312500000000           2.0892805970693056     
  0.896383185870945453643798828125000000          0.46085528998888198     
  0.897360702976584434509277343750000000         -0.60252270597131141     
  0.898338220082223415374755859375000000          0.93164818851705367     
  0.899315737187862396240234375000000000          -2.7327764313620180     
  0.900293254293501377105712890625000000           1.5713394934451190     
  0.901270771399140357971191406250000000           1.0291789217314904     
  0.902248288504779338836669921875000000         -0.94500739125277533     
  0.903225805610418319702148437500000000           1.1955108017299780     
  0.904203322716057300567626953125000000          -2.6162862221171910     
  0.905180839821696281433105468750000000          0.94806202228069769     
  0.906158356927335262298583984375000000           1.5752079419570704     
  0.907135874032974243164062500000000000          -1.1919730609230497     
  0.908113391138613224029541015625000000           1.3185141949743462     
  0.909090908244252204895019531250000000          -2.3429841794680919     
  0.910068425349891185760498046875000000          0.26087590544436495     
  0.911045942455530166625976562500000000           2.0548801727792281     
  0.912023459561169147491455078125000000          -1.3161079217157503     
  0.913000976666808128356933593750000000           1.2966932298912084     
  0.913978493772447109222412109375000000          -1.9383717591869336     
  0.914956010878086090087890625000000000         -0.44393957026586883     
  0.915933527983725070953369140625000000           2.4282327400123047     
  0.916911045089364051818847656250000000          -1.3004253547967679     
  0.917888562195003032684326171875000000           1.1383946834969494     
  0.918866079300642013549804687500000000          -1.4372914797236116     
  0.919843596406280994415283203125000000          -1.1187657707507250     
  0.920821113511919975280761718750000000           2.6626154956798129     
  0.921798630617558956146240234375000000          -1.1397564464112970     
  0.922776147723197937011718750000000000          0.86348165538775179     
  0.923753664828836917877197265625000000         -0.88110363387766433     
  0.924731181934475898742675781250000000          -1.7182621631937232     
  0.925708699040114879608154296875000000           2.7353458689279466     
  0.926686216145753860473632812500000000         -0.84128903158959534     
  0.927663733251392841339111328125000000          0.50160916304803549     
  0.928641250357031822204589843750000000         -0.31436785883205026     
  0.929618767462670803070068359375000000          -2.2028047823250962     
  0.930596284568309783935546875000000000           2.6355929132719829     
  0.931573801673948764801025390625000000         -0.42410784027567028     
  0.932551318779587745666503906250000000           8.9710910523944712E-002
  0.933528835885226726531982421875000000          0.21870602814195791     
  0.934506352990865707397460937500000000          -2.5414756870203634     
  0.935483870096504688262939453125000000           2.3653391622577895     
  0.936461387202143669128417968750000000           8.2229925980959989E-002
  0.937438904307782649993896484375000000         -0.33109986849904016     
  0.938416421413421630859375000000000000          0.67775565012137873     
  0.939393938519060611724853515625000000          -2.7143689654325875     
  0.940371455624699592590332031250000000           1.9393418166107568     
  0.941348972730338573455810546875000000          0.63997220426669132     
  0.942326489835977554321289062500000000         -0.71896586814616159     
  0.943304006941616535186767578125000000           1.0294344404635174     
  0.944281524047255516052246093750000000          -2.7140330053126958     
  0.945259041152894496917724609375000000           1.3840939756805704     
  0.946236558258533477783203125000000000           1.2061232479605055     
  0.947214075364172458648681640625000000          -1.0347810282181771     
  0.948191592469811439514160156250000000           1.2499996966650335     
  0.949169109575450420379638671875000000          -2.5459371756636320     
  0.950146626681089401245117187500000000          0.73586580645103994     
  0.951124143786728382110595703125000000           1.7358347653650323     
  0.952101660892367362976074218750000000          -1.2454644995713775     
  0.953079177998006343841552734375000000           1.3271158360305657     
  0.954056695103645324707031250000000000          -2.2279283312621185     
  0.955034212209284305572509765625000000           3.7978426339137020E-002
  0.956011729314923286437988281250000000           2.1859679765462743     
  0.956989246420562267303466796875000000          -1.3267496932803713     
  0.957966763526201248168945312500000000           1.2607311846980727     
  0.958944280631840229034423828125000000          -1.7887225164352791     
  0.959921797737479209899902343750000000         -0.66247592722522330     
  0.960899314843118190765380859375000000           2.5185434861167417     
  0.961876831948757171630859375000000000          -1.2652635168995063     
  0.962854349054396152496337890625000000           1.0629606735694239     
  0.963831866160035133361816406250000000          -1.2655535587750397     
  0.964809383265674114227294921875000000          -1.3182099859323830     
  0.965786900371313095092773437500000000           2.7038043141156018     
  0.966764417476952075958251953125000000          -1.0597275098658254     
  0.967741934582591056823730468750000000          0.75698619123127819     
  0.968719451688230037689208984375000000         -0.70116684825456332     
  0.969696968793869018554687500000000000          -1.8853328633125155     
  0.970674485899507999420166015625000000           2.7226477136489611     
  0.971652003005146980285644531250000000         -0.72118263674908145     
  0.972629520110785961151123046875000000          0.37506473798048268     
  0.973607037216424942016601562500000000         -0.14039820609169190     
  0.974584554322063922882080078125000000          -2.3266746413711110     
  0.975562071427702903747558593750000000           2.5682311342279331     
  0.976539588533341884613037109375000000         -0.27221740846601233     
  0.977517105638980865478515625000000000          -4.4194301380580697E-002
  0.978494622744619846343994140625000000          0.37338973305797701     
  0.979472139850258827209472656250000000          -2.6145831294805717     
  0.980449656955897808074951171875000000           2.2466229194272067     
  0.981427174061536788940429687500000000          0.25474142175681752     
  0.982404691167175769805908203125000000         -0.45906315813164755     
  0.983382208272814750671386718750000000          0.80173034824588907     
  0.984359725378453731536865234375000000          -2.7329736245392411     
  0.985337242484092712402343750000000000           1.7764438795760760     
  0.986314759589731693267822265625000000          0.81994143181904755     
  0.987292276695370674133300781250000000         -0.82818057648867049     
  0.988269793801009654998779296875000000           1.1140634564844025     
  0.989247310906648635864257812500000000          -2.6784716919923643     
  0.990224828012287616729736328125000000           1.1875257564066299     
  0.991202345117926597595214843750000000           1.3794219389067792     
  0.992179862223565578460693359375000000          -1.1140072247078450     
  0.993157379329204559326171875000000000           1.2900949690755139     
  0.994134896434843540191650390625000000          -2.4605608362918301     
  0.995112413540482521057128906250000000          0.51869045404299030     
  0.996089930646121501922607421875000000           1.8884892774120761     
  0.997067447751760482788085937500000000          -1.2859735893765047     
  0.998044964857399463653564453125000000           1.3213195920311589     
  0.999022481963038444519042968750000000          -2.1007257301454407     
  0.999999999068677425384521484375000000         -0.18517643396307082     
   1.00097751617431640625000000000000000           2.3052740667657137     
