              1    2.2141518544
              2    2.2141810787
              3    2.2142687583
              4    2.2144149141
              5    2.2146195803
              6    2.2148828055
              7    2.2152046516
              8    2.2155851948
              9    2.2160245251
             10    2.2165227465
             11    2.2170799772
             12    2.2176963494
             13    2.2183720098
             14    2.2191071193
             15    2.2199018535
             16    2.2207564023
             17    2.2216709707
             18    2.2226457785
             19    2.2236810605
             20    2.2247770668
             21    2.2259340630
             22    2.2271523302
             23    2.2284321654
             24    2.2297738817
             25    2.2311778085
             26    2.2326442917
             27    2.2341736940
             28    2.2357663952
             29    2.2374227925
             30    2.2391433007
             31    2.2409283528
             32    2.2427784000
             33    2.2446939121
             34    2.2466753781
             35    2.2487233066
             36    2.2508382257
             37    2.2530206842
             38    2.2552712514
             39    2.2575905179
             40    2.2599790959
             41    2.2624376199
             42    2.2649667471
             43    2.2675671581
             44    2.2702395572
             45    2.2729846735
             46    2.2758032609
             47    2.2786960992
             48    2.2816639949
             49    2.2847077813
             50    2.2878283200
             51    2.2910265012
             52    2.2943032447
             53    2.2976595008
             54    2.3010962511
             55    2.3046145094
             56    2.3082153227
             57    2.3118997725
             58    2.3156689755
             59    2.3195240846
             60    2.3234662909
             61    2.3274968237
             62    2.3316169528
             63    2.3358279893
             64    2.3401312871
             65    2.3445282446
             66    2.3490203056
             67    2.3536089617
             68    2.3582957533
             69    2.3630822716
             70    2.3679701606
             71    2.3729611188
             72    2.3780569011
             73    2.3832593212
             74    2.3885702536
             75    2.3939916360
             76    2.3995254715
             77    2.4051738316
             78    2.4109388583
             79    2.4168227674
             80    2.4228278512
             81    2.4289564816
             82    2.4352111132
             83    2.4415942872
             84    2.4481086345
             85    2.4547568796
             86    2.4615418449
             87    2.4684664543
             88    2.4755337382
             89    2.4827468379
             90    2.4901090104
             91    2.4976236338
             92    2.5052942128
             93    2.5131243841
             94    2.5211179229
             95    2.5292787493
             96    2.5376109350
             97    2.5461187105
             98    2.5548064727
             99    2.5636787934
            100    2.5727404274
            101    2.5819963218
            102    2.5914516257
            103    2.6011117004
            104    2.6109821301
            105    2.6210687340
            106    2.6313775779
            107    2.6419149880
            108    2.6526875642
            109    2.6637021956
            110    2.6749660758
            111    2.6864867201
            112    2.6982719836
            113    2.7103300801
            114    2.7226696035
            115    2.7352995489
            116    2.7482293371
            117    2.7614688395
            118    2.7750284054
            119    2.7889188909
            120    2.8031516909
            121    2.8177387721
            122    2.8326927097
            123    2.8480267265
            124    2.8637547347
            125    2.8798913818
            126    2.8964520992
            127    2.9134531561
            128    2.9309117162
            129    2.9488459004
            130    2.9672748546
            131    2.9862188228
            132    3.0056992267
            133    3.0257387532
            134    3.0463614487
            135    3.0675928221
            136    3.0894599584
            137    3.1119916414
            138    3.1352184893
            139    3.1591731031
            140    3.1838902294
            141    3.2094069396
            142    3.2357628276
            143    3.2630002277
            144    3.2911644556
            145    3.3203040750
            146    3.3504711937
            147    3.3817217924
            148    3.4141160904
            149    3.4477189540
            150    3.4826003531
            151    3.5188358716
            152    3.5565072812
            153    3.5957031866
            154    3.6365197526
            155    3.6790615267
            156    3.7234423704
            157    3.7697865176
            158    3.8182297805
            159    3.8689209276
            160    3.9220232622
            161    3.9777164376
            162    4.0361985506
            163    4.0976885645
            164    4.1624291239
            165    4.2306898367
            166    4.3027711163
            167    4.3790086997
            168    4.4597789832
            169    4.5455053531
            170    4.6366657369
            171    4.7338016560
            172    4.8375291404
            173    4.9485519700
            174    5.0676778383
            175    5.1958382231
            176    5.3341129921
            177    5.4837611156
            178    5.6462593287
            179    5.8233512525
            180    6.0171104284
            181    6.2300220913
            182    6.4650905165
            183    6.7259817839
            184    7.0172163815
            185    7.3444332001
            186    7.7147578183
            187    8.1373265294
            188    8.6240487657
            189    9.1907448239
            190    9.8588936761
            191   10.6584099808
            192   11.6322342701
            193   12.8442861167
            194   14.3940545773
            195   16.4453322090
            196   19.2881702517
            197   23.4895610520
            198   30.3275715126
            199   43.4151014685
            200   78.5134212511
            201  483.9028030211
            202  111.1875451211
            203   48.8722257911
            204   30.9081268262
            205   22.3771218431
            206   17.3966344163
            207   14.1338012144
            208   11.8322912739
            209   10.1231416813
            210    8.8049233043
            211    7.7583562251
            212    6.9083153677
            213    6.2051382159
            214    5.6146873232
            215    5.1127300772
            216    4.6815951588
            217    4.3080976416
            218    3.9822044008
            219    3.6961488082
            220    3.4438274571
            221    3.2203792062
            222    3.0218851650
            223    2.8451507675
            224    2.6875447208
            225    2.5468781102
            226    2.4213123553
            227    2.3092882493
            228    2.2094706606
            229    2.1207050655
            230    2.0419831700
            231    1.9724156315
            232    1.9112104096
            233    1.8576556419
            234    1.8111061836
            235    1.7709731260
            236    1.7367157251
            237    1.7078352593
            238    1.6838704013
            239    1.6643937466
            240    1.6490091936
            241    1.6373499224
            242    1.6290767671
            243    1.6238768255
            244    1.6214621920
            245    1.6215687377
            246    1.6239548910
            247    1.6284003965
            248    1.6347050486
            249    1.6426874048
            250    1.6521834914
            251    1.6630455189
            252    1.6751406213
            253    1.6883496346
            254    1.7025659263
            255    1.7176942860
            256    1.7336498815
            257    1.7503572873
            258    1.7677495840
            259    1.7857675303
            260    1.8043588059
            261    1.8234773211
            262    1.8430825913
            263    1.8631391710
            264    1.8836161443
            265    1.9044866665
            266    1.9257275532
            267    1.9473189122
            268    1.9692438151
            269    1.9914880036
            270    2.0140396284
            271    2.0368890165
            272    2.0600284645
            273    2.0834520550
            274    2.1071554940
            275    2.1311359667
            276    2.1553920103
            277    2.1799234012
            278    2.2047310563
            279    2.2298169459
            280    2.2551840174
            281    2.2808361288
            282    2.3067779907
            283    2.3330151165
            284    2.3595537795
            285    2.3864009763
            286    2.4135643961
            287    2.4410523959
            288    2.4688739793
            289    2.4970387813
            290    2.5255570558
            291    2.5544396682
            292    2.5836980909
            293    2.6133444017
            294    2.6433912871
            295    2.6738520464
            296    2.7047406005
            297    2.7360715030
            298    2.7678599536
            299    2.8001218147
            300    2.8328736309
            301    2.8661326504
            302    2.8999168503
            303    2.9342449637
            304    2.9691365098
            305    3.0046118275
            306    3.0406921114
            307    3.0773994513
            308    3.1147568745
            309    3.1527883927
            310    3.1915190508
            311    3.2309749815
            312    3.2711834625
            313    3.3121729786
            314    3.3539732891
            315    3.3966154990
            316    3.4401321365
            317    3.4845572365
            318    3.5299264289
            319    3.5762770357
            320    3.6236481735
            321    3.6720808655
            322    3.7216181608
            323    3.7723052640
            324    3.8241896742
            325    3.8773213358
            326    3.9317528011
            327    3.9875394055
            328    4.0447394586
            329    4.1034144494
            330    4.1636292705
            331    4.2254524604
            332    4.2889564671
            333    4.3542179351
            334    4.4213180178
            335    4.4903427182
            336    4.5613832606
            337    4.6345364981
            338    4.7099053568
            339    4.7875993249
            340    4.8677349878
            341    4.9504366174
            342    5.0358368208
            343    5.1240772558
            344    5.2153094202
            345    5.3096955270
            346    5.4074094727
            347    5.5086379130
            348    5.6135814600
            349    5.7224560156
            350    5.8354942615
            351    5.9529473256
            352    6.0750866521
            353    6.2022061027
            354    6.3346243237
            355    6.4726874204
            356    6.6167719841
            357    6.7672885286
            358    6.9246854021
            359    7.0894532532
            360    7.2621301438
            361    7.4433074225
            362    7.6336364921
            363    7.8338366361
            364    8.0447041001
            365    8.2671226726
            366    8.5020760589
            367    8.7506624152
            368    9.0141114949
            369    9.2938049727
            370    9.5913006543
            371    9.9083614679
            372   10.2469903765
            373   10.6094726713
            374   10.9984275339
            375   11.4168713255
            376   11.8682958402
            377   12.3567658155
            378   12.8870414688
            379   13.4647338869
            380   14.0965040244
            381   14.7903202910
            382   15.5557958911
            383   16.4046362889
            384   17.3512411577
            385   18.4135268337
            386   19.6140696394
            387   20.9817262825
            388   22.5539809325
            389   24.3804298906
            390   26.5281036470
            391   29.0898655115
            392   32.1981829616
            393   36.0487600890
            394   40.9433855072
            395   47.3730811667
            396   56.1939960263
            397   69.0442941191
            398   89.5012563648
            399  127.1564297852
            400  219.4191271011
            401  798.3143464485
            402  487.7876217485
            403  186.8985689646
            404  115.6273939806
            405   83.7252749901
            406   65.6323764206
            407   53.9783195789
            408   45.8455875306
            409   39.8480075215
            410   35.2425830009
            411   31.5952303554
            412   28.6353506758
            413   26.1854883682
            414   24.1244304547
            415   22.3665607315
            416   20.8496864467
            417   19.5275407914
            418   18.3649919412
            419   17.3348834515
            420   16.4158927411
            421   15.5910444480
            422   14.8466563507
            423   14.1715778082
            424   13.5566301983
            425   12.9941894917
            426   12.4778705519
            427   12.0022853670
            428   11.5628557737
            429   11.1556668623
            430   10.7773511141
            431   10.4249960080
            432   10.0960697313
            433    9.7883609868
            434    9.4999298713
            435    9.2290675209
            436    8.9742627497
            437    8.7341743084
            438    8.5076076879
            439    8.2934956226
            440    8.0908816230
            441    7.8989060019
            442    7.7167939651
            443    7.5438454182
            444    7.3794262101
            445    7.2229605790
            446    7.0739246163
            447    6.9318405889
            448    6.7962719926
            449    6.6668192296
            450    6.5431158186
            451    6.4248250638
            452    6.3116371189
            453    6.2032663923
            454    6.0994492483
            455    5.9999419661
            456    5.9045189224
            457    5.8129709711
            458    5.7251039940
            459    5.6407376032
            460    5.5597039765
            461    5.4818468094
            462    5.4070203720
            463    5.3350886576
            464    5.2659246123
            465    5.1994094390
            466    5.1354319645
            467    5.0738880662
            468    5.0146801495
            469    4.9577166727
            470    4.9029117129
            471    4.8501845702
            472    4.7994594054
            473    4.7506649083
            474    4.7037339941
            475    4.6586035245
            476    4.6152140513
            477    4.5735095813
            478    4.5334373594
            479    4.4949476690
            480    4.4579936482
            481    4.4225311195
            482    4.3885184336
            483    4.3559163244
            484    4.3246877751
            485    4.2947978941
            486    4.2662138011
            487    4.2389045203
            488    4.2128408827
            489    4.1879954349
            490    4.1643423549
            491    4.1418573741
            492    4.1205177054
            493    4.1003019755
            494    4.0811901641
            495    4.0631635458
            496    4.0462046378
            497    4.0302971509
            498    4.0154259448
            499    4.0015769866
            500    3.9887373129
            501    3.9768949955
            502    3.9660391090
            503    3.9561597029
            504    3.9472477751
            505    3.9392952487
            506    3.9322949511
            507    3.9262405959
            508    3.9211267664
            509    3.9169489023
            510    3.9137032881
            511    3.9113870434
            512    3.9099981161
            513    3.9095352767
