   9.77517105638980865478515625000000000E-0003     4.5539986535002292E-004
   1.95503421127796173095703125000000000E-0002     5.7747935525121158E-004
   2.93255131691694259643554687500000000E-0002     6.1818590435401360E-004
   3.91006842255592346191406250000000000E-0002    -5.9953135227422351E-004
   4.88758552819490432739257812500000000E-0002    -5.1009214297587579E-004
   5.86510263383388519287109375000000000E-0002    -5.4763457495232682E-004
   6.84261973947286605834960937500000000E-0002     4.1948407036874860E-005
   7.82013684511184692382812500000000000E-0002    -6.0267401150721877E-004
   8.79765395075082778930664062500000000E-0002     4.2462602085613257E-004
   9.77517105638980865478515625000000000E-0002    -2.3138911636512720E-004
  0.107526881620287895202636718750000000          -3.4689240866782924E-004
  0.117302052676677703857421875000000000          -1.3592006794596766E-004
  0.127077223733067512512207031250000000           1.7702631085959560E-004
  0.136852394789457321166992187500000000           8.3521644782729289E-004
  0.146627565845847129821777343750000000           6.5246543124903818E-004
  0.156402736902236938476562500000000000           2.5976764000719551E-004
  0.166177907958626747131347656250000000           2.0943741212885828E-004
  0.175953079015016555786132812500000000           5.2205940125448124E-005
  0.185728250071406364440917968750000000           3.5971425273366447E-004
  0.195503421127796173095703125000000000          -3.9765213638593918E-004
  0.205278592184185981750488281250000000           8.3018844565481962E-004
  0.215053763240575790405273437500000000           4.0893992415740282E-004
  0.224828934296965599060058593750000000           7.8214231322967559E-004
  0.234604105353355407714843750000000000           6.0413800403494062E-004
  0.244379276409745216369628906250000000           2.7035357128500713E-004
  0.254154447466135025024414062500000000          -4.5353206726293451E-004
  0.263929618522524833679199218750000000          -5.8471044777526565E-005
  0.273704789578914642333984375000000000           3.3683184056094702E-004
  0.283479960635304450988769531250000000          -1.4534613993579453E-004
  0.293255131691694259643554687500000000           6.3520317693443085E-004
  0.303030302748084068298339843750000000           9.5477685993424041E-004
  0.312805473804473876953125000000000000           5.3377672053514264E-004
  0.322580644860863685607910156250000000           1.9917486932800388E-004
  0.332355815917253494262695312500000000           7.1262769319186596E-004
  0.342130986973643302917480468750000000           1.1914433592666552E-003
  0.351906158030033111572265625000000000           8.3725770808885756E-005
  0.361681329086422920227050781250000000           7.3720889817230101E-004
  0.371456500142812728881835937500000000           1.0754004116123536E-003
  0.381231671199202537536621093750000000           6.7405644566121564E-004
  0.391006842255592346191406250000000000           5.3876611087108769E-005
  0.400782013311982154846191406250000000           5.7373657390576258E-004
  0.410557184368371963500976562500000000           1.1655816992069974E-003
  0.420332355424761772155761718750000000          -2.2365045405153399E-004
  0.430107526481151580810546875000000000           2.2383996272405134E-004
  0.439882697537541389465332031250000000           1.5691577941350507E-004
  0.449657868593931198120117187500000000           1.7083798944072108E-004
  0.459433039650321006774902343750000000           2.2652298219857139E-004
  0.469208210706710815429687500000000000           5.8631047659889071E-004
  0.478983381763100624084472656250000000           6.7213135365255903E-004
  0.488758552819490432739257812500000000           2.0673519450408874E-004
  0.498533723875880241394042968750000000           3.6663895320833472E-004
  0.508308894932270050048828125000000000           2.1951949923413626E-004
  0.518084065988659858703613281250000000          -4.7877058264430146E-004
  0.527859237045049667358398437500000000           5.9783020678746382E-004
  0.537634408101439476013183593750000000           3.1039964840526751E-004
  0.547409579157829284667968750000000000           8.0091315743447528E-004
  0.557184750214219093322753906250000000           3.0293985658678509E-005
  0.566959921270608901977539062500000000           1.1306630496305320E-003
  0.576735092326998710632324218750000000           7.6125249358909421E-004
  0.586510263383388519287109375000000000           1.2990734209657520E-003
  0.596285434439778327941894531250000000           4.2921476792968607E-004
  0.606060605496168136596679687500000000           7.6476258362626038E-004
  0.615835776552557945251464843750000000           1.0315182204039173E-003
  0.625610947608947753906250000000000000           7.0597067064997229E-004
  0.635386118665337562561035156250000000           9.3201008658630317E-004
  0.645161289721727371215820312500000000           8.8025993049385828E-004
  0.654936460778117179870605468750000000           5.0876207295126195E-004
  0.664711631834506988525390625000000000           1.4311103790623945E-003
  0.674486802890896797180175781250000000           1.1218673511004152E-003
  0.684261973947286605834960937500000000           1.3495796372335256E-003
  0.694037145003676414489746093750000000           2.4413519494526442E-004
  0.703812316060066223144531250000000000           2.2623063054774399E-004
  0.713587487116456031799316406250000000           9.4675961587313638E-004
  0.723362658172845840454101562500000000          -4.8268895795687234E-005
  0.733137829229235649108886718750000000           1.4959310858678580E-003
  0.742913000285625457763671875000000000           4.5833210455190282E-004
  0.752688171342015266418457031250000000           5.9454268312489648E-004
  0.762463342398405075073242187500000000           6.4632256931929045E-004
  0.772238513454794883728027343750000000          -6.9332611910198299E-005
  0.782013684511184692382812500000000000           1.2171195312118336E-003
  0.791788855567574501037597656250000000           7.3070118470780065E-004
  0.801564026623964309692382812500000000           1.0533653372808774E-003
  0.811339197680354118347167968750000000           8.4586333037043064E-004
  0.821114368736743927001953125000000000           4.2189520842155517E-004
  0.830889539793133735656738281250000000           1.6317895802127028E-003
  0.840664710849523544311523437500000000           1.6518851408668932E-004
  0.850439881905913352966308593750000000           1.6769094718562128E-003
  0.860215052962303161621093750000000000           8.7849347386189161E-004
  0.869990224018692970275878906250000000           1.0762001733834385E-003
  0.879765395075082778930664062500000000           1.0143917361107398E-003
  0.889540566131472587585449218750000000           1.1728051062403131E-003
  0.899315737187862396240234375000000000           5.4165222079844031E-005
  0.909090908244252204895019531250000000           9.8598702069153076E-004
  0.918866079300642013549804687500000000           8.8213319844687818E-004
  0.928641250357031822204589843750000000           1.1611949901446483E-003
  0.938416421413421630859375000000000000           3.4135737787195956E-004
  0.948191592469811439514160156250000000           1.3578425710185017E-003
  0.957966763526201248168945312500000000           1.7450795707829649E-004
  0.967741934582591056823730468750000000           1.1908538124843077E-003
  0.977517105638980865478515625000000000           1.5340266649993195E-003
  0.987292276695370674133300781250000000           3.9033695653365683E-004
  0.997067447751760482788085937500000000           5.9638460705110008E-004
   1.00684261880815029144287109375000000           1.0939400859167605E-003
   1.01661778986454010009765625000000000           5.6672985346749001E-004
   1.02639296092092990875244140625000000           1.0925778671537038E-003
   1.03616813197731971740722656250000000           1.1084728724911376E-003
   1.04594330303370952606201171875000000           1.7822773372628679E-003
   1.05571847409009933471679687500000000           3.6228143599416741E-004
   1.06549364514648914337158203125000000           7.2065438315159155E-004
   1.07526881620287895202636718750000000           1.0165030818332199E-003
   1.08504398725926876068115234375000000           1.2794737203573549E-003
   1.09481915831565856933593750000000000           5.1767633472246471E-004
   1.10459432937204837799072265625000000           1.4636519453864853E-003
   1.11436950042843818664550781250000000           1.5202031876677029E-003
   1.12414467148482799530029296875000000           1.1070362487568038E-003
   1.13391984254121780395507812500000000           1.2031479981118322E-003
   1.14369501359760761260986328125000000           1.2621667889022828E-003
   1.15347018465399742126464843750000000           8.2786037588999386E-004
   1.16324535571038722991943359375000000           5.4976215579906557E-004
   1.17302052676677703857421875000000000           1.4853256752221779E-003
   1.18279569782316684722900390625000000           3.3252080161674693E-004
   1.19257086887955665588378906250000000           1.1317738619769147E-003
   1.20234603993594646453857421875000000           9.5516617235441061E-004
   1.21212121099233627319335937500000000           1.5369182176295806E-003
   1.22189638204872608184814453125000000           1.2463919424774601E-003
   1.23167155310511589050292968750000000           3.9322005458811566E-004
   1.24144672416150569915771484375000000           1.3942600731548023E-003
   1.25122189521789550781250000000000000           1.0453410741059197E-003
   1.26099706627428531646728515625000000           1.0068689512047976E-003
   1.27077223733067512512207031250000000           5.5930850720847043E-004
   1.28054740838706493377685546875000000           6.2381567344478638E-004
   1.29032257944345474243164062500000000           5.6548814764409698E-004
   1.30009775049984455108642578125000000           1.5045170557530755E-003
   1.30987292155623435974121093750000000           1.3679023293404445E-003
   1.31964809261262416839599609375000000           1.0590773272759729E-003
   1.32942326366901397705078125000000000           9.3143037769733144E-004
   1.33919843472540378570556640625000000           9.2517040037818818E-004
   1.34897360578179359436035156250000000           6.0361850774740694E-004
   1.35874877683818340301513671875000000           8.3912784664456365E-004
   1.36852394789457321166992187500000000           1.0963745707589479E-003
   1.37829911895096302032470703125000000           1.2776583643157387E-003
   1.38807429000735282897949218750000000           6.7090449211798574E-004
   1.39784946106374263763427734375000000           1.6998966742238120E-003
   1.40762463212013244628906250000000000           4.2391471531700513E-004
   1.41739980317652225494384765625000000           1.5489845215366381E-003
   1.42717497423291206359863281250000000           4.1825920118150519E-004
   1.43695014528930187225341796875000000           2.9906584147277400E-004
   1.44672531634569168090820312500000000           8.8300128345703195E-004
   1.45650048740208148956298828125000000           1.2292773317052726E-003
   1.46627565845847129821777343750000000           3.8314567612351643E-004
   1.47605082951486110687255859375000000           1.1477217157534944E-003
   1.48582600057125091552734375000000000           2.5700874641453888E-004
   1.49560117162764072418212890625000000           1.2135863012590917E-003
   1.50537634268403053283691406250000000           9.1702390813579258E-004
   1.51515151374042034149169921875000000           1.7571431443271371E-003
   1.52492668479681015014648437500000000           1.2992726741280114E-003
   1.53470185585319995880126953125000000           1.7891703750390392E-003
   1.54447702690958976745605468750000000           9.8433460501005606E-004
   1.55425219796597957611083984375000000           2.4830724116886875E-004
   1.56402736902236938476562500000000000           6.0061813141241169E-004
   1.57380254007875919342041015625000000           9.0605264374894507E-004
   1.58357771113514900207519531250000000           9.6031870777312899E-004
   1.59335288219153881072998046875000000           1.1127300834114784E-003
   1.60312805324792861938476562500000000           8.1205513828873279E-004
   1.61290322430431842803955078125000000           1.0569983789128219E-003
   1.62267839536070823669433593750000000           1.2252002962433019E-003
   1.63245356641709804534912109375000000           1.4861202851644221E-003
   1.64222873747348785400390625000000000           7.4551768126369998E-004
   1.65200390852987766265869140625000000           1.2325531997870662E-003
   1.66177907958626747131347656250000000           1.3061118838228385E-003
   1.67155425064265727996826171875000000           1.0262755368943928E-003
   1.68132942169904708862304687500000000           1.3122091880811986E-003
   1.69110459275543689727783203125000000           1.1453570079057876E-003
   1.70087976381182670593261718750000000           2.9790823343648151E-004
   1.71065493486821651458740234375000000           1.4925253210906243E-003
   1.72043010592460632324218750000000000           1.1535954432903407E-003
   1.73020527698099613189697265625000000           1.6667470714939686E-003
   1.73998044803738594055175781250000000           6.0656066524103730E-004
   1.74975561909377574920654296875000000           9.2048429409317077E-004
   1.75953079015016555786132812500000000           2.1293223066177387E-004
   1.76930596120655536651611328125000000           1.0756487148791060E-003
   1.77908113226294517517089843750000000           6.7247861559617593E-004
   1.78885630331933498382568359375000000           1.3198735426249465E-003
   1.79863147437572479248046875000000000           4.8193751027392602E-004
   1.80840664543211460113525390625000000           7.9823894087697306E-004
   1.81818181648850440979003906250000000           1.0194844247624285E-003
   1.82795698754489421844482421875000000           1.0114762294836769E-003
   1.83773215860128402709960937500000000           1.6074847006989877E-003
   1.84750732965767383575439453125000000           1.7788339985020773E-003
   1.85728250071406364440917968750000000           9.1151663309889733E-004
   1.86705767177045345306396484375000000           1.2995161940652438E-003
   1.87683284282684326171875000000000000           4.6317470511426923E-004
   1.88660801388323307037353515625000000           6.1879661236605968E-004
   1.89638318493962287902832031250000000           1.1209599506950695E-003
   1.90615835599601268768310546875000000           4.7290719770565822E-004
   1.91593352705240249633789062500000000           4.0573262222484528E-004
   1.92570869810879230499267578125000000           1.2787798433613407E-003
   1.93548386916518211364746093750000000           7.2592968426870533E-004
   1.94525904022157192230224609375000000           1.4664578391005508E-003
   1.95503421127796173095703125000000000           1.1026279819882235E-003
   1.96480938233435153961181640625000000           7.8835783658445888E-005
   1.97458455339074134826660156250000000           7.7635923380919955E-005
   1.98435972444713115692138671875000000           7.5697676481776297E-004
   1.99413489550352096557617187500000000           3.1918489152855934E-004
   2.00391006655991077423095703125000000           5.4482745998315010E-004
   2.01368523761630058288574218750000000           1.5482774422813920E-004
   2.02346040867269039154052734375000000           5.1331241065729672E-004
   2.03323557972908020019531250000000000           1.2669772223384637E-003
   2.04301075078547000885009765625000000           1.0569775318485625E-003
   2.05278592184185981750488281250000000           1.2596358563691731E-003
   2.06256109289824962615966796875000000           1.7293418085778675E-003
   2.07233626395463943481445312500000000           1.1411629489094192E-003
   2.08211143501102924346923828125000000           1.2409897074626014E-003
   2.09188660606741905212402343750000000           4.7956923838982443E-004
   2.10166177712380886077880859375000000           6.8788525161157148E-004
   2.11143694818019866943359375000000000           1.5504820491279781E-003
   2.12121211923658847808837890625000000          -2.1327935674705024E-005
   2.13098729029297828674316406250000000           6.9568732180556143E-004
   2.14076246134936809539794921875000000           8.7365971807306210E-004
   2.15053763240575790405273437500000000           1.0067549588776124E-003
   2.16031280346214771270751953125000000           1.0250022257341015E-003
   2.17008797451853752136230468750000000           6.9053633641808984E-004
   2.17986314557492733001708984375000000           1.1345763011191866E-003
   2.18963831663131713867187500000000000           6.7764130275603258E-004
   2.19941348768770694732666015625000000           5.8620690182485983E-004
   2.20918865874409675598144531250000000           8.1241993333011728E-004
   2.21896382980048656463623046875000000           5.5896817581990027E-004
   2.22873900085687637329101562500000000           1.8180089306246868E-004
   2.23851417191326618194580078125000000           1.4142165597852336E-003
   2.24828934296965599060058593750000000           4.6674728234150092E-004
   2.25806451402604579925537109375000000           1.5784873861109697E-003
   2.26783968508243560791015625000000000           7.8432077095471437E-004
   2.27761485613882541656494140625000000           1.0171519389164101E-003
   2.28739002719521522521972656250000000           5.3946429212127240E-004
   2.29716519825160503387451171875000000           9.5182616883865805E-005
   2.30694036930799484252929687500000000           1.4282565494343777E-003
   2.31671554036438465118408203125000000           1.3020148736271383E-003
   2.32649071142077445983886718750000000           8.7373919689276327E-004
   2.33626588247716426849365234375000000           7.9943533174173925E-004
   2.34604105353355407714843750000000000           1.4466755318414399E-003
   2.35581622458994388580322265625000000           2.8085387050920499E-004
   2.36559139564633369445800781250000000           8.4320447408998706E-004
   2.37536656670272350311279296875000000           6.2880144394748556E-004
   2.38514173775911331176757812500000000           8.0069258043160250E-004
   2.39491690881550312042236328125000000           7.3146573388906718E-004
   2.40469207987189292907714843750000000           5.1243209218988588E-004
   2.41446725092828273773193359375000000           6.5465618240725563E-004
   2.42424242198467254638671875000000000           7.8096239660758744E-004
   2.43401759304106235504150390625000000           5.0327701915814111E-004
   2.44379276409745216369628906250000000           8.8448084660092011E-004
   2.45356793515384197235107421875000000           8.6360971855116257E-004
   2.46334310621023178100585937500000000           1.0074072776055283E-003
   2.47311827726662158966064453125000000           9.5941938203220978E-004
   2.48289344832301139831542968750000000           8.7563188636948040E-004
   2.49266861937940120697021484375000000           9.3633837978282454E-004
   2.50244379043579101562500000000000000           5.0357651682461126E-004
   2.51221896149218082427978515625000000           7.7315551187332279E-004
   2.52199413254857063293457031250000000           1.1135119469939552E-003
   2.53176930360496044158935546875000000           1.0219784137493486E-003
   2.54154447466135025024414062500000000           8.5589507434297521E-004
   2.55131964571774005889892578125000000           5.6292933962750937E-004
   2.56109481677412986755371093750000000           3.1053694896278198E-004
   2.57086998783051967620849609375000000           1.3295570381340717E-003
   2.58064515888690948486328125000000000          -2.9537119971377639E-004
   2.59042032994329929351806640625000000           3.4331527442281749E-004
   2.60019550099968910217285156250000000           7.3156522024108198E-004
   2.60997067205607891082763671875000000           1.7645800286367471E-004
   2.61974584311246871948242187500000000           7.4414970247871327E-005
   2.62952101416885852813720703125000000           9.2119787104318833E-004
   2.63929618522524833679199218750000000           3.9589528427568497E-004
   2.64907135628163814544677734375000000           5.0757041202601980E-004
   2.65884652733802795410156250000000000           3.5423147287827564E-004
   2.66862169839441776275634765625000000           5.4486522181335898E-004
   2.67839686945080757141113281250000000           9.3094248494390551E-005
   2.68817204050719738006591796875000000           1.6500158566525798E-004
   2.69794721156358718872070312500000000           1.1919855295195012E-003
   2.70772238261997699737548828125000000           7.6347332470105595E-004
   2.71749755367636680603027343750000000           1.0837093430329852E-003
   2.72727272473275661468505859375000000           8.0025544662391422E-005
   2.73704789578914642333984375000000000           5.7074438306626424E-004
   2.74682306684553623199462890625000000           6.3918724172658779E-004
   2.75659823790192604064941406250000000           4.0678133076597407E-004
   2.76637340895831584930419921875000000          -3.0225922784347784E-004
   2.77614858001470565795898437500000000           4.0756599115716126E-004
   2.78592375107109546661376953125000000           7.8264501847051646E-004
   2.79569892212748527526855468750000000           1.0005342975824678E-003
   2.80547409318387508392333984375000000           3.5599323043530097E-004
   2.81524926424026489257812500000000000           4.8375764393974611E-004
   2.82502443529665470123291015625000000           1.0536434691625607E-003
   2.83479960635304450988769531250000000           7.1228133835554242E-004
   2.84457477740943431854248046875000000           5.5297921077056213E-004
   2.85434994846582412719726562500000000           4.8500349208639699E-004
   2.86412511952221393585205078125000000           3.0450257475601130E-005
   2.87390029057860374450683593750000000           5.3158798102649174E-004
   2.88367546163499355316162109375000000           2.0373401157340788E-004
   2.89345063269138336181640625000000000          -2.8803589203247313E-004
   2.90322580374777317047119140625000000           8.3768041650383624E-004
   2.91300097480416297912597656250000000           1.8288630302942539E-004
   2.92277614586055278778076171875000000           1.2193551174155853E-005
   2.93255131691694259643554687500000000          -5.1302597546306282E-004
   2.94232648797333240509033203125000000           1.1294686791480184E-003
   2.95210165902972221374511718750000000          -1.7349482117250202E-004
   2.96187683008611202239990234375000000          -6.5189775700179005E-004
   2.97165200114250183105468750000000000          -1.4757756248529936E-004
   2.98142717219889163970947265625000000          -9.8418908954238339E-005
   2.99120234325528144836425781250000000          -1.8188272230168652E-004
   3.00097751431167125701904296875000000           6.2683751476229333E-004
   3.01075268536806106567382812500000000           7.0856578488226018E-004
   3.02052785642445087432861328125000000           7.2070889800980576E-004
   3.03030302748084068298339843750000000          -7.1424235543784617E-004
   3.04007819853723049163818359375000000           8.0573528470982432E-004
   3.04985336959362030029296875000000000          -7.7586190758147734E-005
   3.05962854065001010894775390625000000          -7.1934320122936371E-005
   3.06940371170639991760253906250000000           1.1428033833794318E-004
   3.07917888276278972625732421875000000           8.5862054146233183E-004
   3.08895405381917953491210937500000000           5.0829015895842693E-004
   3.09872922487556934356689453125000000           5.8148653981250349E-004
   3.10850439593195915222167968750000000           3.9905046676940977E-005
   3.11827956698834896087646484375000000          -3.1454390227145804E-004
   3.12805473804473876953125000000000000          -8.9523463000212378E-005
   3.13782990910112857818603515625000000          -2.3871016276761449E-004
   3.14760508015751838684082031250000000           2.4306136502133638E-004
   3.15738025121390819549560546875000000          -3.8569910763550102E-004
   3.16715542227029800415039062500000000           3.3318179132816873E-004
   3.17693059332668781280517578125000000          -4.0444261935019415E-004
   3.18670576438307762145996093750000000          -2.8152894523565978E-004
   3.19648093543946743011474609375000000          -3.3286395706501592E-004
   3.20625610649585723876953125000000000           4.6208188142856033E-004
   3.21603127755224704742431640625000000          -6.2267058214553544E-005
   3.22580644860863685607910156250000000           4.7073035008267020E-004
   3.23558161966502666473388671875000000           3.0445727794649860E-006
   3.24535679072141647338867187500000000           2.6829823941894023E-006
   3.25513196177780628204345703125000000          -1.0330268986994641E-004
   3.26490713283419609069824218750000000          -6.1134068681224286E-004
   3.27468230389058589935302734375000000          -2.0605159094711010E-004
   3.28445747494697570800781250000000000          -5.3951509025292207E-004
   3.29423264600336551666259765625000000          -5.4531370691037839E-004
   3.30400781705975532531738281250000000          -1.8971457804050043E-004
   3.31378298811614513397216796875000000          -3.4549690722801357E-004
   3.32355815917253494262695312500000000          -8.9179934150366281E-005
   3.33333333022892475128173828125000000           7.3984875335905080E-005
   3.34310850128531455993652343750000000           1.1075931123358562E-004
   3.35288367234170436859130859375000000          -1.6791903001348060E-004
   3.36265884339809417724609375000000000           7.5677398621705062E-005
   3.37243401445448398590087890625000000          -9.9212786952128265E-004
   3.38220918551087379455566406250000000          -8.4021564939236188E-004
   3.39198435656726360321044921875000000          -1.0926877023868732E-003
   3.40175952762365341186523437500000000          -1.3743863000254734E-004
   3.41153469868004322052001953125000000          -1.3561212612311796E-004
   3.42130986973643302917480468750000000          -1.9245164494026713E-004
   3.43108504079282283782958984375000000           3.0299372448804388E-005
   3.44086021184921264648437500000000000          -4.8439371010530844E-004
   3.45063538290560245513916015625000000           4.2498796243396460E-004
   3.46041055396199226379394531250000000          -3.6991633089642661E-004
   3.47018572501838207244873046875000000          -4.3121863255327167E-004
   3.47996089607477188110351562500000000          -2.7643183356676216E-004
   3.48973606713116168975830078125000000           4.3622989556893538E-006
   3.49951123818755149841308593750000000          -7.2371332948376543E-004
   3.50928640924394130706787109375000000          -3.9842644223119666E-004
   3.51906158030033111572265625000000000           2.5700821961915585E-004
   3.52883675135672092437744140625000000          -9.2467876047457964E-004
   3.53861192241311073303222656250000000          -1.2647831612461394E-004
   3.54838709346950054168701171875000000          -4.1581474246632602E-004
   3.55816226452589035034179687500000000          -3.8308995449791303E-004
   3.56793743558228015899658203125000000          -9.7759675473732457E-004
   3.57771260663866996765136718750000000          -5.3426129384909519E-004
   3.58748777769505977630615234375000000          -6.7080054305594541E-004
   3.59726294875144958496093750000000000           6.3316224982820366E-005
   3.60703811980783939361572265625000000          -7.3626555074531334E-004
   3.61681329086422920227050781250000000          -8.0559481650453279E-004
   3.62658846192061901092529296875000000          -5.5471900553053107E-004
   3.63636363297700881958007812500000000          -1.8633791393353146E-004
   3.64613880403339862823486328125000000          -6.6667638750116478E-004
   3.65591397508978843688964843750000000          -1.1327458086598863E-003
   3.66568914614617824554443359375000000           1.0931501092000678E-004
   3.67546431720256805419921875000000000          -4.4827908154220175E-004
   3.68523948825895786285400390625000000          -6.0640274138626854E-005
   3.69501465931534767150878906250000000          -8.4679238093553861E-004
   3.70478983037173748016357421875000000          -6.5176337982443371E-004
   3.71456500142812728881835937500000000          -6.0843894216184376E-004
   3.72434017248451709747314453125000000          -9.3294306390110846E-004
   3.73411534354090690612792968750000000          -1.1308982797796293E-003
   3.74389051459729671478271484375000000          -1.2455567594350937E-003
   3.75366568565368652343750000000000000          -4.8741674133717569E-004
   3.76344085671007633209228515625000000          -4.4101670868966481E-004
   3.77321602776646614074707031250000000          -2.0423478975165900E-004
   3.78299119882285594940185546875000000          -4.8962567031899393E-004
   3.79276636987924575805664062500000000          -8.1064587442553255E-004
   3.80254154093563556671142578125000000          -5.1848352366842159E-004
   3.81231671199202537536621093750000000          -6.3797446680855636E-004
   3.82209188304841518402099609375000000          -7.6715113999355482E-004
   3.83186705410480499267578125000000000          -8.2140377866895533E-004
   3.84164222516119480133056640625000000          -1.3388889099371897E-003
   3.85141739621758460998535156250000000          -9.7058121819753175E-004
   3.86119256727397441864013671875000000          -6.7618610565480083E-004
   3.87096773833036422729492187500000000          -5.8182677801403234E-004
   3.88074290938675403594970703125000000          -1.3079060935066100E-003
   3.89051808044314384460449218750000000          -7.8363296957759305E-004
   3.90029325149953365325927734375000000          -9.1143829741037637E-004
   3.91006842255592346191406250000000000          -7.0100662690847815E-004
   3.91984359361231327056884765625000000          -9.6935106270115538E-004
   3.92961876466870307922363281250000000          -7.8086941912474978E-004
   3.93939393572509288787841796875000000          -4.7506004707872999E-004
   3.94916910678148269653320312500000000          -7.0506906587295142E-004
   3.95894427783787250518798828125000000          -9.1136077342902607E-004
   3.96871944889426231384277343750000000          -5.1735969760859839E-004
   3.97849461995065212249755859375000000          -7.2718422696582978E-004
   3.98826979100704193115234375000000000          -9.1104506545130375E-004
   3.99804496206343173980712890625000000          -9.5263837985598424E-004
   4.00782013311982154846191406250000000          -9.1329292251409475E-004
   4.01759530417621135711669921875000000          -1.8875500260285855E-004
   4.02737047523260116577148437500000000          -6.0707209624809137E-004
   4.03714564628899097442626953125000000          -3.9115059090072445E-004
   4.04692081734538078308105468750000000          -2.0406704665156615E-004
   4.05669598840177059173583984375000000          -1.4220759839801670E-003
   4.06647115945816040039062500000000000          -6.4626090066980519E-004
   4.07624633051455020904541015625000000          -1.3661946368762612E-003
   4.08602150157094001770019531250000000          -1.0509738896787278E-003
   4.09579667262732982635498046875000000          -9.8768441737366055E-004
   4.10557184368371963500976562500000000          -2.9632170518736287E-004
   4.11534701474010944366455078125000000          -1.4134020942394706E-003
   4.12512218579649925231933593750000000          -1.4212470377260767E-003
   4.13489735685288906097412109375000000          -3.5590514360088455E-004
   4.14467252790927886962890625000000000          -1.1848278499105003E-003
   4.15444769896566867828369140625000000          -9.2409059679099946E-004
   4.16422287002205848693847656250000000          -7.6842537019750534E-004
   4.17399804107844829559326171875000000          -8.2346494332400158E-004
   4.18377321213483810424804687500000000          -6.5687438972025466E-004
   4.19354838319122791290283203125000000          -9.7424446967079019E-004
   4.20332355424761772155761718750000000          -5.2017304509179127E-004
   4.21309872530400753021240234375000000          -1.7513333956018307E-003
   4.22287389636039733886718750000000000          -1.0465560461263724E-003
   4.23264906741678714752197265625000000          -4.5283652890207852E-004
   4.24242423847317695617675781250000000          -8.7537779420966471E-004
   4.25219940952956676483154296875000000          -1.8668644161047841E-003
   4.26197458058595657348632812500000000          -2.6816453709669361E-004
   4.27174975164234638214111328125000000          -1.4040288996349920E-003
   4.28152492269873619079589843750000000          -9.4340602269182426E-004
   4.29130009375512599945068359375000000          -1.7781688416446462E-004
   4.30107526481151580810546875000000000          -4.0997765357816631E-004
   4.31085043586790561676025390625000000          -3.9909657357351837E-004
   4.32062560692429542541503906250000000          -9.9206376464428632E-004
   4.33040077798068523406982421875000000          -7.6000001389157391E-004
   4.34017594903707504272460937500000000          -1.1786194841097537E-003
   4.34995112009346485137939453125000000          -7.7698236368096984E-004
   4.35972629114985466003417968750000000          -3.9478714855779645E-004
   4.36950146220624446868896484375000000          -1.0214959344804193E-003
   4.37927663326263427734375000000000000          -9.4270302345679773E-004
   4.38905180431902408599853515625000000          -1.0051827240708351E-003
   4.39882697537541389465332031250000000          -1.4353713609662256E-003
   4.40860214643180370330810546875000000          -1.1266432706094438E-003
   4.41837731748819351196289062500000000          -3.0877956939177431E-004
   4.42815248854458332061767578125000000          -1.5736833150614363E-003
   4.43792765960097312927246093750000000          -5.7781336651553357E-004
   4.44770283065736293792724609375000000          -5.8770161195612754E-005
   4.45747800171375274658203125000000000          -1.0725861581283333E-003
   4.46725317277014255523681640625000000          -9.1953035445099438E-004
   4.47702834382653236389160156250000000          -1.6470157270358611E-003
   4.48680351488292217254638671875000000          -1.1800206881372409E-003
   4.49657868593931198120117187500000000          -1.3109216277664400E-003
   4.50635385699570178985595703125000000          -1.6052102355621368E-003
   4.51612902805209159851074218750000000          -1.0761268448923583E-003
   4.52590419910848140716552734375000000          -1.1050225672799389E-003
   4.53567937016487121582031250000000000          -3.0531788407329319E-004
   4.54545454122126102447509765625000000          -1.4792722048737675E-003
   4.55522971227765083312988281250000000          -1.0863042138814583E-003
   4.56500488333404064178466796875000000          -8.5531332142949783E-004
   4.57478005439043045043945312500000000          -9.8643558003657815E-004
   4.58455522544682025909423828125000000          -4.9611668550601307E-004
   4.59433039650321006774902343750000000          -1.2734080413367461E-003
   4.60410556755959987640380859375000000          -9.1913544403508416E-004
   4.61388073861598968505859375000000000          -9.6027449236100722E-004
   4.62365590967237949371337890625000000          -1.3478894358066229E-003
   4.63343108072876930236816406250000000          -7.7448834562376500E-004
   4.64320625178515911102294921875000000          -1.3989843816601178E-003
   4.65298142284154891967773437500000000          -4.4028350686834176E-004
   4.66275659389793872833251953125000000          -8.4663633341988448E-004
   4.67253176495432853698730468750000000          -7.7843619952543217E-004
   4.68230693601071834564208984375000000          -5.1906334686937226E-004
   4.69208210706710815429687500000000000          -8.3223972197160080E-004
   4.70185727812349796295166015625000000          -7.8338993762173503E-004
   4.71163244917988777160644531250000000          -6.3634584581595034E-004
   4.72140762023627758026123046875000000          -7.8095712258004137E-004
   4.73118279129266738891601562500000000          -8.0778776485288884E-004
   4.74095796234905719757080078125000000          -2.9651081749276596E-004
   4.75073313340544700622558593750000000          -1.2785421000166457E-003
   4.76050830446183681488037109375000000          -1.0108082883582988E-003
   4.77028347551822662353515625000000000          -1.0613541598392597E-003
   4.78005864657461643218994140625000000          -1.1502305624179058E-003
   4.78983381763100624084472656250000000          -8.8201293149947277E-004
   4.79960898868739604949951171875000000          -3.6796413839029594E-004
   4.80938415974378585815429687500000000          -8.4483563662617457E-004
   4.81915933080017566680908203125000000          -1.0467368536944801E-003
   4.82893450185656547546386718750000000          -7.8194762821888009E-004
   4.83870967291295528411865234375000000          -1.1239668411559315E-003
   4.84848484396934509277343750000000000          -1.3326515098119884E-003
   4.85826001502573490142822265625000000          -6.7682629899275932E-004
   4.86803518608212471008300781250000000          -1.0630377847972829E-003
   4.87781035713851451873779296875000000          -1.2774481878391551E-003
   4.88758552819490432739257812500000000          -1.4678614478580419E-003
   4.89736069925129413604736328125000000          -1.0967074595157162E-003
   4.90713587030768394470214843750000000          -9.7576497404827038E-004
   4.91691104136407375335693359375000000          -9.9736147127001866E-004
   4.92668621242046356201171875000000000          -1.2365763426305369E-003
   4.93646138347685337066650390625000000          -4.9970655101255128E-004
   4.94623655453324317932128906250000000          -1.9169654768280762E-004
   4.95601172558963298797607421875000000          -1.3733688434818996E-003
   4.96578689664602279663085937500000000          -1.6246135570791428E-003
   4.97556206770241260528564453125000000          -1.3856079029260556E-003
   4.98533723875880241394042968750000000          -8.0925401475569409E-004
   4.99511240981519222259521484375000000          -1.1885445548142097E-003
   5.00488758087158203125000000000000000           3.0508560328433527E-005
   5.01466275192797183990478515625000000          -1.0435920158610450E-003
   5.02443792298436164855957031250000000          -9.9977390246184443E-004
   5.03421309404075145721435546875000000          -1.0595428434234334E-003
   5.04398826509714126586914062500000000          -1.0434085550686796E-003
   5.05376343615353107452392578125000000          -3.9778578153982450E-004
   5.06353860720992088317871093750000000          -9.4497153720314901E-004
   5.07331377826631069183349609375000000          -7.6071520652099748E-004
   5.08308894932270050048828125000000000          -1.3960397183383987E-003
   5.09286412037909030914306640625000000          -5.8224732194745083E-004
   5.10263929143548011779785156250000000          -1.0772711539325272E-003
   5.11241446249186992645263671875000000          -6.3384206664372647E-004
   5.12218963354825973510742187500000000          -9.3546722680910930E-004
   5.13196480460464954376220703125000000          -1.0163230677325485E-003
   5.14173997566103935241699218750000000          -1.3456222816564628E-003
   5.15151514671742916107177734375000000          -1.0281375400598765E-003
   5.16129031777381896972656250000000000          -6.4526798903870840E-004
   5.17106548883020877838134765625000000          -5.9379740057282076E-004
   5.18084065988659858703613281250000000          -1.1460710247111628E-003
   5.19061583094298839569091796875000000          -8.7551951110219665E-004
   5.20039100199937820434570312500000000          -2.1998591383525691E-004
   5.21016617305576801300048828125000000          -8.2924744233019957E-004
   5.21994134411215782165527343750000000          -8.9104215579803765E-004
   5.22971651516854763031005859375000000          -1.0307531957502052E-003
   5.23949168622493743896484375000000000          -7.1311777081909056E-005
   5.24926685728132724761962890625000000          -1.9831278980349571E-004
   5.25904202833771705627441406250000000          -4.3099155683137255E-004
   5.26881719939410686492919921875000000          -1.3749632507410309E-003
   5.27859237045049667358398437500000000          -1.2590881782758145E-003
   5.28836754150688648223876953125000000          -1.2083506775990328E-003
   5.29814271256327629089355468750000000          -7.3204907804977088E-004
   5.30791788361966609954833984375000000          -1.2041623338327448E-003
   5.31769305467605590820312500000000000          -9.3262206951170632E-004
   5.32746822573244571685791015625000000          -7.7317846054142652E-004
   5.33724339678883552551269531250000000          -3.4644393018444443E-004
   5.34701856784522533416748046875000000          -2.4451347063838945E-004
   5.35679373890161514282226562500000000          -5.6903024546674772E-004
   5.36656890995800495147705078125000000          -1.2481352105423696E-003
   5.37634408101439476013183593750000000          -1.7279885055159635E-003
   5.38611925207078456878662109375000000          -6.5764468865718020E-004
   5.39589442312717437744140625000000000          -1.3481026977815798E-003
   5.40566959418356418609619140625000000          -3.1636052953207413E-004
   5.41544476523995399475097656250000000          -8.8731336348200495E-004
   5.42521993629634380340576171875000000          -8.4147498122083520E-004
   5.43499510735273361206054687500000000          -6.5169895791980308E-004
   5.44477027840912342071533203125000000          -1.6845151990801178E-003
   5.45454544946551322937011718750000000          -1.2255606219347766E-003
   5.46432062052190303802490234375000000          -4.2125233456986660E-004
   5.47409579157829284667968750000000000          -7.5245151370645542E-004
   5.48387096263468265533447265625000000          -1.3216220034327757E-003
   5.49364613369107246398925781250000000          -4.7610543382457142E-004
   5.50342130474746227264404296875000000          -4.9349474970089048E-004
   5.51319647580385208129882812500000000          -9.7268423539839915E-004
   5.52297164686024188995361328125000000          -3.8684166679380552E-004
   5.53274681791663169860839843750000000           1.4912941275817658E-005
   5.54252198897302150726318359375000000          -4.7346389132565161E-004
   5.55229716002941131591796875000000000          -1.3014636103056030E-003
   5.56207233108580112457275390625000000          -1.2433995844683167E-003
   5.57184750214219093322753906250000000          -9.9771762721122671E-004
   5.58162267319858074188232421875000000          -2.5091730857053091E-004
   5.59139784425497055053710937500000000          -1.2219208673988366E-003
   5.60117301531136035919189453125000000          -4.8574321021051855E-004
   5.61094818636775016784667968750000000          -6.0577925065032122E-004
   5.62072335742413997650146484375000000          -2.1970398365013191E-004
   5.63049852848052978515625000000000000          -7.3365257664658682E-004
   5.64027369953691959381103515625000000          -3.0683135660722403E-004
   5.65004887059330940246582031250000000          -1.0109102684667010E-003
   5.65982404164969921112060546875000000          -6.9963494425098077E-004
   5.66959921270608901977539062500000000          -8.8082133387856862E-004
   5.67937438376247882843017578125000000           2.3572622166953455E-005
   5.68914955481886863708496093750000000          -1.1422827066630851E-003
   5.69892472587525844573974609375000000          -1.1200895400118294E-003
   5.70869989693164825439453125000000000          -5.6110381615866851E-004
   5.71847506798803806304931640625000000          -6.3711220382664730E-004
   5.72825023904442787170410156250000000          -3.0494904104222772E-004
   5.73802541010081768035888671875000000          -1.1988710829688972E-003
   5.74780058115720748901367187500000000          -5.3102670617162214E-004
   5.75757575221359729766845703125000000          -6.4156121863748986E-004
   5.76735092326998710632324218750000000          -5.4547572257030938E-004
   5.77712609432637691497802734375000000          -1.9572293409411516E-004
   5.78690126538276672363281250000000000          -1.1571342292801074E-005
   5.79667643643915653228759765625000000          -6.9594903448651663E-005
   5.80645160749554634094238281250000000          -1.2404195015118002E-003
   5.81622677855193614959716796875000000          -4.0200625948306611E-004
   5.82600194960832595825195312500000000          -7.0798427759002816E-005
   5.83577712066471576690673828125000000          -1.1393647578284681E-003
   5.84555229172110557556152343750000000          -4.6209131638277873E-004
   5.85532746277749538421630859375000000           7.6873080550769838E-005
   5.86510263383388519287109375000000000           5.6213802353086381E-005
   5.87487780489027500152587890625000000          -7.3471115841830656E-004
   5.88465297594666481018066406250000000          -3.6907084342270618E-004
   5.89442814700305461883544921875000000          -8.0954964420103985E-004
   5.90420331805944442749023437500000000           1.4891335549263305E-004
   5.91397848911583423614501953125000000          -9.7197700975949937E-004
   5.92375366017222404479980468750000000          -5.3742910887892169E-004
   5.93352883122861385345458984375000000          -4.0458062919495176E-004
   5.94330400228500366210937500000000000          -5.3807210867656775E-004
   5.95307917334139347076416015625000000          -4.3453483271662388E-004
   5.96285434439778327941894531250000000          -4.5340120571436994E-004
   5.97262951545417308807373046875000000           1.8179071747693066E-004
   5.98240468651056289672851562500000000          -4.5396810108215086E-004
   5.99217985756695270538330078125000000          -4.9748423642463255E-004
   6.00195502862334251403808593750000000           6.0627584339114379E-004
   6.01173019967973232269287109375000000          -3.0503288679324924E-004
   6.02150537073612213134765625000000000          -4.2834923031917461E-004
   6.03128054179251194000244140625000000          -8.1831347778185313E-004
   6.04105571284890174865722656250000000          -3.5443092159315821E-004
   6.05083088390529155731201171875000000          -6.5323486997222234E-004
   6.06060605496168136596679687500000000           2.7299482994920147E-004
   6.07038122601807117462158203125000000           2.2910726539303653E-004
   6.08015639707446098327636718750000000          -4.8006504899199813E-004
   6.08993156813085079193115234375000000           4.4562199292863693E-004
   6.09970673918724060058593750000000000           6.9925446679523610E-004
   6.10948191024363040924072265625000000          -8.0706017526200734E-004
   6.11925708130002021789550781250000000          -1.5112937733507333E-004
   6.12903225235641002655029296875000000          -1.9707539488387975E-004
   6.13880742341279983520507812500000000          -4.1874722965180557E-004
   6.14858259446918964385986328125000000          -3.1250109524503684E-005
   6.15835776552557945251464843750000000          -3.1955488338512045E-005
   6.16813293658196926116943359375000000          -2.8778737976695748E-004
   6.17790810763835906982421875000000000           8.0315656509108110E-004
   6.18768327869474887847900390625000000          -3.0368041456735036E-004
   6.19745844975113868713378906250000000          -1.0797125628188108E-004
   6.20723362080752849578857421875000000           3.6377163023726324E-004
   6.21700879186391830444335937500000000           4.9859719828793168E-004
   6.22678396292030811309814453125000000           7.8242401481772072E-004
   6.23655913397669792175292968750000000          -5.8004608358045253E-004
   6.24633430503308773040771484375000000          -3.9786801442727031E-004
   6.25610947608947753906250000000000000          -4.7121858803790640E-005
   6.26588464714586734771728515625000000           3.2531963755472599E-004
   6.27565981820225715637207031250000000           3.1254104892555588E-004
   6.28543498925864696502685546875000000           6.2361682655167686E-005
   6.29521016031503677368164062500000000           5.4441804470825052E-004
   6.30498533137142658233642578125000000          -2.6139721049938140E-004
   6.31476050242781639099121093750000000          -8.0827725783059172E-005
   6.32453567348420619964599609375000000          -3.6235153345483962E-004
   6.33431084454059600830078125000000000           6.0475606019913151E-004
   6.34408601559698581695556640625000000           6.0429604933881281E-004
   6.35386118665337562561035156250000000           3.7523853143238872E-004
   6.36363635770976543426513671875000000           7.0723639003788304E-004
   6.37341152876615524291992187500000000          -5.9999875280420561E-004
   6.38318669982254505157470703125000000           4.1632523386508533E-004
   6.39296187087893486022949218750000000           2.2640469175937413E-004
   6.40273704193532466888427734375000000           2.4920195325728008E-004
   6.41251221299171447753906250000000000           6.1413995332968124E-004
   6.42228738404810428619384765625000000          -4.6536359755146599E-004
   6.43206255510449409484863281250000000          -1.0890453903121170E-004
   6.44183772616088390350341796875000000          -1.8656650111895272E-004
   6.45161289721727371215820312500000000          -4.6860047794305780E-004
   6.46138806827366352081298828125000000          -2.1713857018090577E-004
   6.47116323933005332946777343750000000          -5.5352917851367160E-004
   6.48093841038644313812255859375000000           2.7333789237717006E-004
   6.49071358144283294677734375000000000           4.2927842255044841E-004
   6.50048875249922275543212890625000000           5.9289017165376347E-004
   6.51026392355561256408691406250000000          -2.0405306006061489E-004
   6.52003909461200237274169921875000000           6.2438448547478349E-004
   6.52981426566839218139648437500000000           1.4746021149093775E-004
   6.53958943672478199005126953125000000          -3.3115608221663588E-004
   6.54936460778117179870605468750000000           2.8364945965741496E-004
   6.55913977883756160736083984375000000           6.6021679292358219E-004
   6.56891494989395141601562500000000000           1.8879471783743318E-004
   6.57869012095034122467041015625000000           2.8754880330871240E-004
   6.58846529200673103332519531250000000          -2.1400572872666440E-004
   6.59824046306312084197998046875000000           1.0845855799625874E-003
   6.60801563411951065063476562500000000           7.7305008981449149E-005
   6.61779080517590045928955078125000000          -3.0411863393607798E-004
   6.62756597623229026794433593750000000           4.5838312437930668E-005
   6.63734114728868007659912109375000000           1.0838657535821065E-003
   6.64711631834506988525390625000000000           4.6785087465833351E-004
   6.65689148940145969390869140625000000           1.7644322666028852E-004
   6.66666666045784950256347656250000000           2.5384689078584820E-004
   6.67644183151423931121826171875000000           3.8601150187171987E-004
   6.68621700257062911987304687500000000           2.3241293630847266E-004
   6.69599217362701892852783203125000000           3.5333592795930313E-004
   6.70576734468340873718261718750000000           8.4695014295696881E-004
   6.71554251573979854583740234375000000           1.8701239890204612E-004
   6.72531768679618835449218750000000000           3.7102665182432178E-004
   6.73509285785257816314697265625000000           2.2047370428713149E-004
   6.74486802890896797180175781250000000          -2.2571090755384287E-004
   6.75464319996535778045654296875000000           2.8902660803324503E-005
   6.76441837102174758911132812500000000           3.6972862316582070E-004
   6.77419354207813739776611328125000000           9.0052448951126300E-004
   6.78396871313452720642089843750000000          -3.0093255633152806E-004
   6.79374388419091701507568359375000000           7.6271469927533843E-004
   6.80351905524730682373046875000000000           8.1029563039663923E-004
   6.81329422630369663238525390625000000           7.1756811385990601E-004
   6.82306939736008644104003906250000000           8.4410825762450727E-005
   6.83284456841647624969482421875000000           1.4353099841816366E-004
   6.84261973947286605834960937500000000           1.6593009099641738E-004
   6.85239491052925586700439453125000000           4.0328531134254015E-004
   6.86217008158564567565917968750000000           1.7751670976124423E-004
   6.87194525264203548431396484375000000           6.1937731122802041E-004
   6.88172042369842529296875000000000000           6.7061991204265593E-004
   6.89149559475481510162353515625000000           7.9986787521827351E-004
   6.90127076581120491027832031250000000           8.7226658538420564E-004
   6.91104593686759471893310546875000000          -3.4231426504688065E-005
   6.92082110792398452758789062500000000           2.6192344894572565E-004
   6.93059627898037433624267578125000000           5.4327191413314083E-004
   6.94037145003676414489746093750000000           8.1987567788266967E-004
   6.95014662109315395355224609375000000           1.0507705846404339E-003
   6.95992179214954376220703125000000000           1.1900543585853490E-003
   6.96969696320593357086181640625000000           6.2849667506255282E-004
   6.97947213426232337951660156250000000           8.0743207846190089E-004
   6.98924730531871318817138671875000000           7.6894163662439283E-004
   6.99902247637510299682617187500000000           8.3464845332133198E-004
   7.00879764743149280548095703125000000           3.7278427941170777E-004
   7.01857281848788261413574218750000000           1.1451027711686073E-003
   7.02834798954427242279052734375000000           2.7671324571048434E-004
   7.03812316060066223144531250000000000           4.3122607517346456E-004
   7.04789833165705204010009765625000000          -1.9190615548052292E-004
   7.05767350271344184875488281250000000           6.2947727518333210E-004
   7.06744867376983165740966796875000000           9.2731558623440277E-004
   7.07722384482622146606445312500000000           1.4723562882736426E-003
   7.08699901588261127471923828125000000           1.1496368077926137E-003
   7.09677418693900108337402343750000000           1.2565887391606159E-003
   7.10654935799539089202880859375000000           7.6037924272902529E-004
   7.11632452905178070068359375000000000           6.8590840373274075E-004
   7.12609970010817050933837890625000000           8.2651507167778296E-004
   7.13587487116456031799316406250000000           1.1437889099976649E-003
   7.14565004222095012664794921875000000           1.0624948602281745E-003
   7.15542521327733993530273437500000000           1.3995745650184196E-003
   7.16520038433372974395751953125000000           1.3718991214203360E-003
   7.17497555539011955261230468750000000          -8.4658609849499190E-005
   7.18475072644650936126708984375000000           1.7364356287124252E-003
   7.19452589750289916992187500000000000           4.5271582678567824E-004
   7.20430106855928897857666015625000000           1.1115713939423108E-003
   7.21407623961567878723144531250000000           1.0766214406809323E-003
   7.22385141067206859588623046875000000           2.6037913436429013E-004
   7.23362658172845840454101562500000000           1.0316992713997357E-003
   7.24340175278484821319580078125000000           1.9679334021271928E-004
   7.25317692384123802185058593750000000           1.1669206147515035E-003
   7.26295209489762783050537109375000000           5.2496018265334383E-004
   7.27272726595401763916015625000000000           1.6921927814900722E-003
   7.28250243701040744781494140625000000           7.1923111032804474E-004
   7.29227760806679725646972656250000000           7.4270510581917024E-004
   7.30205277912318706512451171875000000           6.2652107299590316E-004
   7.31182795017957687377929687500000000           7.0559941731477920E-004
   7.32160312123596668243408203125000000           3.7965337906228290E-004
   7.33137829229235649108886718750000000           1.3771547951207728E-003
   7.34115346334874629974365234375000000           9.8803603283378763E-004
   7.35092863440513610839843750000000000           3.8517209001205898E-004
   7.36070380546152591705322265625000000           9.7120316010853235E-004
   7.37047897651791572570800781250000000           2.7898180616530208E-004
   7.38025414757430553436279296875000000           3.6712933267674645E-004
   7.39002931863069534301757812500000000           1.4935963429144965E-003
   7.39980448968708515167236328125000000           1.0020464579709705E-003
   7.40957966074347496032714843750000000           1.0748283342160174E-003
   7.41935483179986476898193359375000000           1.6624804372929651E-003
   7.42913000285625457763671875000000000           2.5265336013075913E-004
   7.43890517391264438629150390625000000           5.1871677254128996E-004
   7.44868034496903419494628906250000000           1.4369015816557203E-003
   7.45845551602542400360107421875000000           9.5390765201554815E-004
   7.46823068708181381225585937500000000           1.2623232914066584E-003
   7.47800585813820362091064453125000000           7.3791625167928952E-004
   7.48778102919459342956542968750000000           1.1288611744389937E-003
   7.49755620025098323822021484375000000           1.3628093137923857E-003
   7.50733137130737304687500000000000000           6.2694654209518241E-004
   7.51710654236376285552978515625000000           1.7552863728100077E-003
   7.52688171342015266418457031250000000           1.0632515680834903E-003
   7.53665688447654247283935546875000000           1.1775111167214962E-003
   7.54643205553293228149414062500000000           1.1769831362260382E-003
   7.55620722658932209014892578125000000           1.3906327806078240E-003
   7.56598239764571189880371093750000000           1.1766238130143834E-003
   7.57575756870210170745849609375000000           9.3201232380110428E-004
   7.58553273975849151611328125000000000           9.1990464909316044E-004
   7.59530791081488132476806640625000000           6.4249110300929318E-004
   7.60508308187127113342285156250000000           1.0513772842243481E-003
   7.61485825292766094207763671875000000           3.6122518688931746E-004
   7.62463342398405075073242187500000000           9.0993843440825557E-004
   7.63440859504044055938720703125000000           8.7875609013439372E-004
   7.64418376609683036804199218750000000           1.5201704334835454E-003
   7.65395893715322017669677734375000000           8.4469399979793258E-004
   7.66373410820960998535156250000000000           9.5397407585571040E-004
   7.67350927926599979400634765625000000           6.7549097943535785E-004
   7.68328445032238960266113281250000000           7.7439169392942397E-005
   7.69305962137877941131591796875000000           2.3792016875207698E-004
   7.70283479243516921997070312500000000           2.2113632597313664E-004
   7.71260996349155902862548828125000000           7.6680692190750322E-004
   7.72238513454794883728027343750000000           6.5467901016598017E-004
   7.73216030560433864593505859375000000           4.6587941959318722E-004
   7.74193547666072845458984375000000000           1.7981748742875321E-004
   7.75171064771711826324462890625000000           1.0532706893418534E-003
   7.76148581877350807189941406250000000           6.8163366099758139E-004
   7.77126098982989788055419921875000000           9.7762755950248905E-004
   7.78103616088628768920898437500000000           1.5785656518407481E-003
   7.79081133194267749786376953125000000           1.0522831283251010E-003
   7.80058650299906730651855468750000000           1.0981809079471062E-003
   7.81036167405545711517333984375000000           6.4028680496223814E-004
   7.82013684511184692382812500000000000           1.1972590073757415E-003
   7.82991201616823673248291015625000000           4.8821453529456421E-004
   7.83968718722462654113769531250000000           8.3617273814118179E-004
   7.84946235828101634979248046875000000           3.0847316494054817E-004
   7.85923752933740615844726562500000000           8.5127716948566053E-004
   7.86901270039379596710205078125000000           1.6826931305863170E-003
   7.87878787145018577575683593750000000           9.5550507909437942E-004
   7.88856304250657558441162109375000000           1.7919749445320348E-003
   7.89833821356296539306640625000000000           8.7775127694061917E-004
   7.90811338461935520172119140625000000           1.3984507577101508E-003
   7.91788855567574501037597656250000000           1.6074660462395420E-003
   7.92766372673213481903076171875000000           6.4988153812072988E-004
   7.93743889778852462768554687500000000           6.5168588196821585E-004
   7.94721406884491443634033203125000000           1.2583914767098977E-003
   7.95698923990130424499511718750000000           3.3153409076736398E-004
   7.96676441095769405364990234375000000           1.4875080303804200E-003
   7.97653958201408386230468750000000000           1.2094267563874691E-003
   7.98631475307047367095947265625000000           9.7534640262787644E-004
   7.99608992412686347961425781250000000           9.7652600422198086E-004
   8.00586509518325328826904296875000000           1.1478108949652987E-003
   8.01564026623964309692382812500000000           8.9070927611811606E-004
   8.02541543729603290557861328125000000           3.8188565432071382E-004
   8.03519060835242271423339843750000000           8.4103056522480347E-004
   8.04496577940881252288818359375000000           1.6521473057962664E-003
   8.05474095046520233154296875000000000           9.5698701154315778E-004
   8.06451612152159214019775390625000000           5.4256586404662457E-004
   8.07429129257798194885253906250000000           1.2146211108948160E-003
   8.08406646363437175750732421875000000           6.4640685429605054E-004
   8.09384163469076156616210937500000000           9.7579204717167885E-004
   8.10361680574715137481689453125000000           8.5300701216817372E-004
   8.11339197680354118347167968750000000           1.5129646681664697E-003
   8.12316714785993099212646484375000000           1.1369445848118912E-003
   8.13294231891632080078125000000000000           8.8281473116158602E-004
   8.14271748997271060943603515625000000           1.0477925047974114E-003
   8.15249266102910041809082031250000000           4.4898483490159570E-004
   8.16226783208549022674560546875000000           1.3584741901037582E-003
   8.17204300314188003540039062500000000           1.5172823753167070E-003
   8.18181817419826984405517578125000000           1.1394280333452116E-003
   8.19159334525465965270996093750000000           7.3596528547866912E-004
   8.20136851631104946136474609375000000           8.9142267233651036E-004
   8.21114368736743927001953125000000000           6.2578089166521978E-004
   8.22091885842382907867431640625000000           8.9917147971096468E-004
   8.23069402948021888732910156250000000           8.3360090350462364E-004
   8.24046920053660869598388671875000000           9.0603423719748421E-004
   8.25024437159299850463867187500000000           7.4414639056931658E-004
   8.26001954264938831329345703125000000           1.1274475397368491E-003
   8.26979471370577812194824218750000000           1.2346074630799726E-003
   8.27956988476216793060302734375000000           2.4380504348893933E-004
   8.28934505581855773925781250000000000           1.4975708333203508E-003
   8.29912022687494754791259765625000000           9.9774204760378704E-004
   8.30889539793133735656738281250000000           1.7190690292342291E-003
   8.31867056898772716522216796875000000           6.8488702313818388E-004
   8.32844574004411697387695312500000000           1.0970961244025010E-003
   8.33822091110050678253173828125000000           7.4926240101284901E-004
   8.34799608215689659118652343750000000           1.0554142802234308E-003
   8.35777125321328639984130859375000000           1.4585903996200687E-003
   8.36754642426967620849609375000000000           9.6857514230550348E-004
   8.37732159532606601715087890625000000           6.8192591719609154E-004
   8.38709676638245582580566406250000000          -6.1339048639379461E-005
   8.39687193743884563446044921875000000           1.2288456932229531E-003
   8.40664710849523544311523437500000000           1.2200274506588744E-003
   8.41642227955162525177001953125000000           1.1434422727422001E-003
   8.42619745060801506042480468750000000           1.0222213100743063E-003
   8.43597262166440486907958984375000000           1.1058434165916674E-003
   8.44574779272079467773437500000000000           1.3607295123768714E-003
   8.45552296377718448638916015625000000           5.3896836373285169E-004
   8.46529813483357429504394531250000000           1.2481611826889365E-004
   8.47507330588996410369873046875000000           1.1766081097295433E-004
   8.48484847694635391235351562500000000           8.8440177419609454E-004
   8.49462364800274372100830078125000000           5.1688903006086274E-004
   8.50439881905913352966308593750000000           5.0501425620119126E-004
   8.51417399011552333831787109375000000           1.0002389077544496E-003
   8.52394916117191314697265625000000000           1.1158073300931079E-003
   8.53372433222830295562744140625000000           4.0238903314425770E-004
   8.54349950328469276428222656250000000           1.4543825069913304E-003
   8.55327467434108257293701171875000000           1.4539547848576872E-003
   8.56304984539747238159179687500000000           1.4587680480576365E-003
   8.57282501645386219024658203125000000           1.4988452854632225E-003
   8.58260018751025199890136718750000000           4.5273686967221616E-004
   8.59237535856664180755615234375000000           3.5244310372292595E-004
   8.60215052962303161621093750000000000           4.8987188979156238E-004
   8.61192570067942142486572265625000000          -2.7785335055809028E-005
   8.62170087173581123352050781250000000           1.5199152074925045E-003
   8.63147604279220104217529296875000000           6.3161782415398487E-004
   8.64125121384859085083007812500000000           8.8475763819164483E-004
   8.65102638490498065948486328125000000           4.2240544082798099E-004
   8.66080155596137046813964843750000000           1.2755766743121897E-003
   8.67057672701776027679443359375000000           9.5596036259556854E-004
   8.68035189807415008544921875000000000           7.1379780702337592E-004
   8.69012706913053989410400390625000000          -2.7351118913068631E-004
   8.69990224018692970275878906250000000           6.1578096720150478E-004
   8.70967741124331951141357421875000000           5.4974253139475793E-004
   8.71945258229970932006835937500000000           2.6809267800653941E-004
   8.72922775335609912872314453125000000           2.8334196243987307E-004
   8.73900292441248893737792968750000000           8.9202875062384759E-004
   8.74877809546887874603271484375000000           7.8680330333724398E-004
   8.75855326652526855468750000000000000           3.6952326469534005E-004
   8.76832843758165836334228515625000000           2.9207205013088449E-005
   8.77810360863804817199707031250000000           8.6019599937425372E-004
   8.78787877969443798065185546875000000           6.1313449063539103E-004
   8.79765395075082778930664062500000000           1.3312070891781740E-003
   8.80742912180721759796142578125000000          -2.8918496588912910E-004
   8.81720429286360740661621093750000000           8.9956488565846190E-005
   8.82697946391999721527099609375000000           7.4772706953706470E-004
   8.83675463497638702392578125000000000           9.3926066313471969E-004
   8.84652980603277683258056640625000000           5.0413094285330529E-004
   8.85630497708916664123535156250000000           1.0310860267940122E-003
   8.86608014814555644989013671875000000           1.0005960927140824E-003
   8.87585531920194625854492187500000000           1.9253672138452575E-004
   8.88563049025833606719970703125000000           1.4217422435669493E-003
   8.89540566131472587585449218750000000           7.5241772593758263E-004
   8.90518083237111568450927734375000000           9.5953892718079190E-004
   8.91495600342750549316406250000000000           6.7768076581618364E-004
   8.92473117448389530181884765625000000           9.0126677628177884E-004
   8.93450634554028511047363281250000000           4.2111760197340546E-004
   8.94428151659667491912841796875000000           1.4760183527084674E-004
   8.95405668765306472778320312500000000           4.4396580679964407E-004
   8.96383185870945453643798828125000000           3.3939893379324735E-004
   8.97360702976584434509277343750000000           4.5621581819957390E-004
   8.98338220082223415374755859375000000           2.2198832968453109E-004
   8.99315737187862396240234375000000000           2.3817565045933641E-004
   9.00293254293501377105712890625000000           8.5925247309308133E-004
   9.01270771399140357971191406250000000          -1.4644726148997758E-004
   9.02248288504779338836669921875000000           8.9543989628990508E-004
   9.03225805610418319702148437500000000           8.4065925506255756E-004
   9.04203322716057300567626953125000000           3.6531220067121517E-004
   9.05180839821696281433105468750000000           8.1026646567187446E-004
   9.06158356927335262298583984375000000           1.6770674657493653E-004
   9.07135874032974243164062500000000000           4.7008230317727699E-004
   9.08113391138613224029541015625000000           2.8920394946473581E-004
   9.09090908244252204895019531250000000           4.7137129813093481E-004
   9.10068425349891185760498046875000000           5.1687074871855713E-005
   9.11045942455530166625976562500000000           6.7831246111767479E-004
   9.12023459561169147491455078125000000          -4.5345812455391867E-004
   9.13000976666808128356933593750000000           5.3746369504512927E-004
   9.13978493772447109222412109375000000          -3.3053191335434925E-004
   9.14956010878086090087890625000000000           7.1534965593862232E-004
   9.15933527983725070953369140625000000           1.7935775360642891E-004
   9.16911045089364051818847656250000000           1.3416526847781883E-004
   9.17888562195003032684326171875000000           6.7593089686895664E-004
   9.18866079300642013549804687500000000           1.7821470288211140E-004
   9.19843596406280994415283203125000000           4.4421959304851029E-004
   9.20821113511919975280761718750000000          -5.4433174125716969E-004
   9.21798630617558956146240234375000000           1.0908491107774687E-003
   9.22776147723197937011718750000000000          -6.8199984525613746E-005
   9.23753664828836917877197265625000000           2.6042821921447101E-004
   9.24731181934475898742675781250000000           4.2891909466236474E-004
   9.25708699040114879608154296875000000           3.2961254642802491E-004
   9.26686216145753860473632812500000000          -4.0231362559749846E-004
   9.27663733251392841339111328125000000           1.6033332613064538E-004
   9.28641250357031822204589843750000000          -4.7432311104391199E-004
   9.29618767462670803070068359375000000           4.1242980220879104E-005
   9.30596284568309783935546875000000000          -5.3832032604267366E-004
   9.31573801673948764801025390625000000           2.8589725076570233E-004
   9.32551318779587745666503906250000000          -6.2213846729137768E-005
   9.33528835885226726531982421875000000           4.5740625859619908E-004
   9.34506352990865707397460937500000000           2.4057164713533173E-004
   9.35483870096504688262939453125000000           9.6893416449947520E-005
   9.36461387202143669128417968750000000           3.7466081216766647E-004
   9.37438904307782649993896484375000000          -2.8510356967422130E-004
   9.38416421413421630859375000000000000          -5.8230266133893335E-005
   9.39393938519060611724853515625000000           3.2766071945692545E-005
   9.40371455624699592590332031250000000           3.7582751849506136E-004
   9.41348972730338573455810546875000000          -2.5015420259478827E-004
   9.42326489835977554321289062500000000          -1.0163421129037317E-004
   9.43304006941616535186767578125000000           2.9790417152878465E-004
   9.44281524047255516052246093750000000          -3.5276050627343325E-004
   9.45259041152894496917724609375000000           3.0482774399134696E-004
   9.46236558258533477783203125000000000          -2.0930238576911240E-004
   9.47214075364172458648681640625000000           2.3075994426428008E-004
   9.48191592469811439514160156250000000          -1.6193059340511457E-005
   9.49169109575450420379638671875000000          -2.1381728346802863E-004
   9.50146626681089401245117187500000000          -6.0041640682943936E-005
   9.51124143786728382110595703125000000          -6.9442333033122830E-004
   9.52101660892367362976074218750000000           3.2213967513600899E-004
   9.53079177998006343841552734375000000          -1.0412020576285091E-003
   9.54056695103645324707031250000000000          -5.7003590206155229E-004
   9.55034212209284305572509765625000000          -2.9375185289938878E-005
   9.56011729314923286437988281250000000          -2.3143935364642137E-004
   9.56989246420562267303466796875000000          -1.5773187295375926E-004
   9.57966763526201248168945312500000000           6.7007690921840524E-004
   9.58944280631840229034423828125000000          -6.3340321755496151E-004
   9.59921797737479209899902343750000000          -2.4012148957414369E-004
   9.60899314843118190765380859375000000          -5.9217715024641963E-004
   9.61876831948757171630859375000000000          -2.9811308724763064E-004
   9.62854349054396152496337890625000000          -1.7429628656760772E-004
   9.63831866160035133361816406250000000          -5.0991108094777182E-005
   9.64809383265674114227294921875000000          -2.5480316562523223E-004
   9.65786900371313095092773437500000000           2.3600623473372476E-005
   9.66764417476952075958251953125000000          -3.2910066500776487E-004
   9.67741934582591056823730468750000000          -6.2483555500666380E-004
   9.68719451688230037689208984375000000          -5.6505752783454592E-004
   9.69696968793869018554687500000000000          -9.6913523960393639E-005
   9.70674485899507999420166015625000000           8.7450308089335685E-005
   9.71652003005146980285644531250000000          -9.2460550978972595E-004
   9.72629520110785961151123046875000000          -6.5953536660589738E-004
   9.73607037216424942016601562500000000          -3.6148572892043528E-004
   9.74584554322063922882080078125000000          -8.5172954891135904E-004
   9.75562071427702903747558593750000000           8.9341519802255462E-005
   9.76539588533341884613037109375000000          -5.4744588934953317E-004
   9.77517105638980865478515625000000000          -1.2647971200294118E-004
   9.78494622744619846343994140625000000           2.5855334440967376E-004
   9.79472139850258827209472656250000000          -3.7078450667086220E-004
   9.80449656955897808074951171875000000           7.6601008345393191E-005
   9.81427174061536788940429687500000000          -2.9054327938892133E-004
   9.82404691167175769805908203125000000          -5.2182635844379361E-004
   9.83382208272814750671386718750000000           1.4498717225558440E-005
   9.84359725378453731536865234375000000          -7.8349004389648819E-004
   9.85337242484092712402343750000000000          -2.0196813833276673E-005
   9.86314759589731693267822265625000000          -3.0257710847486554E-004
   9.87292276695370674133300781250000000           1.9945313854738902E-004
   9.88269793801009654998779296875000000          -5.0843936088511726E-005
   9.89247310906648635864257812500000000          -4.0418786729954536E-004
   9.90224828012287616729736328125000000           3.4282904861964765E-004
   9.91202345117926597595214843750000000          -3.3101769041738306E-004
   9.92179862223565578460693359375000000          -5.4413608594649165E-004
   9.93157379329204559326171875000000000          -7.0865116022526299E-004
   9.94134896434843540191650390625000000          -1.7505716357939577E-004
   9.95112413540482521057128906250000000          -6.3188666791761424E-004
   9.96089930646121501922607421875000000          -7.3824028585210667E-004
   9.97067447751760482788085937500000000          -3.0436748534015326E-004
   9.98044964857399463653564453125000000          -6.5020285022935513E-004
   9.99022481963038444519042968750000000          -7.9593553860183891E-004
   9.99999999068677425384521484375000000          -5.5987119680603282E-004
   10.0097751617431640625000000000000000          -1.2682474954134337E-003
