   9.77517105638980865478515625000000000E-0003    -2.5887246397248320E-002
   1.95503421127796173095703125000000000E-0002    -1.9128381684965723E-002
   2.93255131691694259643554687500000000E-0002    -1.2188143111444061E-002
   3.91006842255592346191406250000000000E-0002    -5.0700599194687390E-003
   4.88758552819490432739257812500000000E-0002     2.2222540841038696E-003
   5.86510263383388519287109375000000000E-0002     9.6851032022074457E-003
   6.84261973947286605834960937500000000E-0002     1.7314712578250124E-002
   7.82013684511184692382812500000000000E-0002     2.5107230981233519E-002
   8.79765395075082778930664062500000000E-0002     3.3058733642875426E-002
   9.77517105638980865478515625000000000E-0002     4.1165225144251250E-002
  0.107526881620287895202636718750000000           4.9422642349440327E-002
  0.117302052676677703857421875000000000           5.7826857383612817E-002
  0.127077223733067512512207031250000000           6.6373680652961731E-002
  0.136852394789457321166992187500000000           7.5058863903850637E-002
  0.146627565845847129821777343750000000           8.3878103318508590E-002
  0.156402736902236938476562500000000000           9.2827042644582414E-002
  0.166177907958626747131347656250000000          0.10190127635582458     
  0.175953079015016555786132812500000000          0.11109635284116864     
  0.185728250071406364440917968750000000          0.12040777761942711     
  0.195503421127796173095703125000000000          0.12983101657682034     
  0.205278592184185981750488281250000000          0.13936149922453406     
  0.215053763240575790405273437500000000          0.14899462197348390     
  0.224828934296965599060058593750000000          0.15872575142345585     
  0.234604105353355407714843750000000000          0.16855022766377808     
  0.244379276409745216369628906250000000          0.17846336758268194     
  0.254154447466135025024414062500000000          0.18846046818249179     
  0.263929618522524833679199218750000000          0.19853680989779571     
  0.273704789578914642333984375000000000          0.20868765991373966     
  0.283479960635304450988769531250000000          0.21890827548159747     
  0.293255131691694259643554687500000000          0.22919390722877114     
  0.303030302748084068298339843750000000          0.23953980246038886     
  0.312805473804473876953125000000000000          0.24994120844967477     
  0.322580644860863685607910156250000000          0.26039337571428273     
  0.332355815917253494262695312500000000          0.27089156127580066     
  0.342130986973643302917480468750000000          0.28143103189965019     
  0.351906158030033111572265625000000000          0.29200706731263060     
  0.361681329086422920227050781250000000          0.30261496339537897     
  0.371456500142812728881835937500000000          0.31325003534704315     
  0.381231671199202537536621093750000000          0.32390762081949664     
  0.391006842255592346191406250000000000          0.33458308301845319     
  0.400782013311982154846191406250000000          0.34527181376887311     
  0.410557184368371963500976562500000000          0.35596923654209345     
  0.420332355424761772155761718750000000          0.36667080944214442     
  0.430107526481151580810546875000000000          0.37737202814876553     
  0.439882697537541389465332031250000000          0.38806842881466924     
  0.449657868593931198120117187500000000          0.39875559091465113     
  0.459433039650321006774902343750000000          0.40942914004419151     
  0.469208210706710815429687500000000000          0.42008475066523771     
  0.478983381763100624084472656250000000          0.43071814879692166     
  0.488758552819490432739257812500000000          0.44132511464900304     
  0.498533723875880241394042968750000000          0.45190148519589901     
  0.508308894932270050048828125000000000          0.46244315668921282     
  0.518084065988659858703613281250000000          0.47294608710673131     
  0.527859237045049667358398437500000000          0.48340629853592870     
  0.537634408101439476013183593750000000          0.49381987949007150     
  0.547409579157829284667968750000000000          0.50418298715508514     
  0.557184750214219093322753906250000000          0.51449184956541572     
  0.566959921270608901977539062500000000          0.52474276770717720     
  0.576735092326998710632324218750000000          0.53493211754695436     
  0.586510263383388519287109375000000000          0.54505635198469560     
  0.596285434439778327941894531250000000          0.55511200272920813     
  0.606060605496168136596679687500000000          0.56509568209483374     
  0.615835776552557945251464843750000000          0.57500408471796938     
  0.625610947608947753906250000000000000          0.58483398919215857     
  0.635386118665337562561035156250000000          0.59458225962057432     
  0.645161289721727371215820312500000000          0.60424584708477358     
  0.654936460778117179870605468750000000          0.61382179102869938     
  0.664711631834506988525390625000000000          0.62330722055697374     
  0.674486802890896797180175781250000000          0.63269935564661439     
  0.684261973947286605834960937500000000          0.64199550827138441     
  0.694037145003676414489746093750000000          0.65119308343807036     
  0.703812316060066223144531250000000000          0.66028958013405892     
  0.713587487116456031799316406250000000          0.66928259218568287     
  0.723362658172845840454101562500000000          0.67816980902686375     
  0.733137829229235649108886718750000000          0.68694901637769457     
  0.742913000285625457763671875000000000          0.69561809683265996     
  0.752688171342015266418457031250000000          0.70417503035830109     
  0.762463342398405075073242187500000000          0.71261789470019543     
  0.772238513454794883728027343750000000          0.72094486569922656     
  0.782013684511184692382812500000000000          0.72915421751718235     
  0.791788855567574501037597656250000000          0.73724432277182883     
  0.801564026623964309692382812500000000          0.74521365258166306     
  0.811339197680354118347167968750000000          0.75306077652066084     
  0.821114368736743927001953125000000000          0.76078436248339398     
  0.830889539793133735656738281250000000          0.76838317646099352     
  0.840664710849523544311523437500000000          0.77585608222850433     
  0.850439881905913352966308593750000000          0.78320204094426815     
  0.860215052962303161621093750000000000          0.79042011066204654     
  0.869990224018692970275878906250000000          0.79750944575668181     
  0.879765395075082778930664062500000000          0.80446929626416486     
  0.889540566131472587585449218750000000          0.81129900713707070     
  0.899315737187862396240234375000000000          0.81799801741638511     
  0.909090908244252204895019531250000000          0.82456585932083493     
  0.918866079300642013549804687500000000          0.83100215725490245     
  0.928641250357031822204589843750000000          0.83730662673678635     
  0.938416421413421630859375000000000000          0.84347907324762861     
  0.948191592469811439514160156250000000          0.84951939100342622     
  0.957966763526201248168945312500000000          0.85542756165108469     
  0.967741934582591056823730468750000000          0.86120365289016720     
  0.977517105638980865478515625000000000          0.86684781702193880     
  0.987292276695370674133300781250000000          0.87236028942738952     
  0.997067447751760482788085937500000000          0.87774138697596804     
   1.00684261880815029144287109375000000          0.88299150636683255     
   1.01661778986454010009765625000000000          0.88811112240447621     
   1.02639296092092990875244140625000000          0.89310078621065458     
   1.03616813197731971740722656250000000          0.89796112337458567     
   1.04594330303370952606201171875000000          0.90269283204346029     
   1.05571847409009933471679687500000000          0.90729668095534766     
   1.06549364514648914337158203125000000          0.91177350741663210     
   1.07526881620287895202636718750000000          0.91612421522616694     
   1.08504398725926876068115234375000000          0.92034977254838024     
   1.09481915831565856933593750000000000          0.92445120973760475     
   1.10459432937204837799072265625000000          0.92842961711595839     
   1.11436950042843818664550781250000000          0.93228614270712828     
   1.12414467148482799530029296875000000          0.93602198992846108     
   1.13391984254121780395507812500000000          0.93963841524378922     
   1.14369501359760761260986328125000000          0.94313672577946217     
   1.15347018465399742126464843750000000          0.94651827690607759     
   1.16324535571038722991943359375000000          0.94978446978844078     
   1.17302052676677703857421875000000000          0.95293674890629831     
   1.18279569782316684722900390625000000          0.95597659954843017     
   1.19257086887955665588378906250000000          0.95890554528268679     
   1.20234603993594646453857421875000000          0.96172514540459220     
   1.21212121099233627319335937500000000          0.96443699236714053     
   1.22189638204872608184814453125000000          0.96704270919443158     
   1.23167155310511589050292968750000000          0.96954394688180134     
   1.24144672416150569915771484375000000          0.97194238178510761     
   1.25122189521789550781250000000000000          0.97423971300184342     
   1.26099706627428531646728515625000000          0.97643765974675101     
   1.27077223733067512512207031250000000          0.97853795872460592     
   1.28054740838706493377685546875000000          0.98054236150284790     
   1.29032257944345474243164062500000000          0.98245263188672038     
   1.30009775049984455108642578125000000          0.98427054329958585     
   1.30987292155623435974121093750000000          0.98599787617105894     
   1.31964809261262416839599609375000000          0.98763641533560564     
   1.32942326366901397705078125000000000          0.98918794744422234     
   1.33919843472540378570556640625000000          0.99065425839181431     
   1.34897360578179359436035156250000000          0.99203713076284827     
   1.35874877683818340301513671875000000          0.99333834129785570     
   1.36852394789457321166992187500000000          0.99455965838332017     
   1.37829911895096302032470703125000000          0.99570283956746897     
   1.38807429000735282897949218750000000          0.99676962910444966     
   1.39784946106374263763427734375000000          0.99776175552934943     
   1.40762463212013244628906250000000000          0.99868092926647045     
   1.41739980317652225494384765625000000          0.99952884027325362     
   1.42717497423291206359863281250000000           1.0003071557221865     
   1.43695014528930187225341796875000000           1.0010175177230058     
   1.44672531634569168090820312500000000           1.0016615410874512     
   1.45650048740208148956298828125000000           1.0022408111387913     
   1.46627565845847129821777343750000000           1.0027568815682844     
   1.47605082951486110687255859375000000           1.0032112723407030     
   1.48582600057125091552734375000000000           1.0036054676509762     
   1.49560117162764072418212890625000000           1.0039409139339839     
   1.50537634268403053283691406250000000           1.0042190179294426     
   1.51515151374042034149169921875000000           1.0044411448038049     
   1.52492668479681015014648437500000000           1.0046086163310026     
   1.53470185585319995880126953125000000           1.0047227091338256     
   1.54447702690958976745605468750000000           1.0047846529876541     
   1.55425219796597957611083984375000000           1.0047956291882074     
   1.56402736902236938476562500000000000           1.0047567689848926     
   1.57380254007875919342041015625000000           1.0046691520812887     
   1.58357771113514900207519531250000000           1.0045338052042181     
   1.59335288219153881072998046875000000           1.0043517007427947     
   1.60312805324792861938476562500000000           1.0041237554587623     
   1.61290322430431842803955078125000000           1.0038508292693762     
   1.62267839536070823669433593750000000           1.0035337241039883     
   1.63245356641709804534912109375000000           1.0031731828354407     
   1.64222873747348785400390625000000000           1.0027698882872846     
   1.65200390852987766265869140625000000           1.0023244623177741     
   1.66177907958626747131347656250000000           1.0018374649814941     
   1.67155425064265727996826171875000000           1.0013093937694233     
   1.68132942169904708862304687500000000           1.0007406829281300     
   1.69110459275543689727783203125000000           1.0001317028587446     
   1.70087976381182670593261718750000000          0.99948275959625055     
   1.71065493486821651458740234375000000          0.99879409436956745     
   1.72043010592460632324218750000000000          0.99806588324281753     
   1.73020527698099613189697265625000000          0.99729823683808183     
   1.73998044803738594055175781250000000          0.99649120013987214     
   1.74975561909377574920654296875000000          0.99564475238146766     
   1.75953079015016555786132812500000000          0.99475880701317310     
   1.76930596120655536651611328125000000          0.99383321175248496     
   1.77908113226294517517089843750000000          0.99286774871606376     
   1.78885630331933498382568359375000000          0.99186213463332729     
   1.79863147437572479248046875000000000          0.99081602114140566     
   1.80840664543211460113525390625000000          0.98972899516110735     
   1.81818181648850440979003906250000000          0.98860057935347589     
   1.82795698754489421844482421875000000          0.98743023265642704     
   1.83773215860128402709960937500000000          0.98621735090087892     
   1.84750732965767383575439453125000000          0.98496126750571744     
   1.85728250071406364440917968750000000          0.98366125425083861     
   1.86705767177045345306396484375000000          0.98231652212746079     
   1.87683284282684326171875000000000000          0.98092622226479631     
   1.88660801388323307037353515625000000          0.97948944693211060     
   1.89638318493962287902832031250000000          0.97800523061512057     
   1.90615835599601268768310546875000000          0.97647255116560205     
   1.91593352705240249633789062500000000          0.97489033102301315     
   1.92570869810879230499267578125000000          0.97325743850685764     
   1.93548386916518211364746093750000000          0.97157268917845507     
   1.94525904022157192230224609375000000          0.96983484727069924     
   1.95503421127796173095703125000000000          0.96804262718433354     
   1.96480938233435153961181640625000000          0.96619469504919442     
   1.97458455339074134826660156250000000          0.96428967034881541     
   1.98435972444713115692138671875000000          0.96232612760671610     
   1.99413489550352096557617187500000000          0.96030259813264451     
   2.00391006655991077423095703125000000          0.95821757182697409     
   2.01368523761630058288574218750000000          0.95606949904140315     
   2.02346040867269039154052734375000000          0.95385679249404809     
   2.03323557972908020019531250000000000          0.95157782923696232     
   2.04301075078547000885009765625000000          0.94923095267406576     
   2.05278592184185981750488281250000000          0.94681447462741453     
   2.06256109289824962615966796875000000          0.94432667744969467     
   2.07233626395463943481445312500000000          0.94176581618077393     
   2.08211143501102924346923828125000000          0.93913012074610558     
   2.09188660606741905212402343750000000          0.93641779819472781     
   2.10166177712380886077880859375000000          0.93362703497457145     
   2.11143694818019866943359375000000000          0.93075599924274421     
   2.12121211923658847808837890625000000          0.92780284320842477     
   2.13098729029297828674316406250000000          0.92476570550596648     
   2.14076246134936809539794921875000000          0.92164271359578376     
   2.15053763240575790405273437500000000          0.91843198619055577     
   2.16031280346214771270751953125000000          0.91513163570426503     
   2.17008797451853752136230468750000000          0.91173977072156032     
   2.17986314557492733001708984375000000          0.90825449848490991     
   2.18963831663131713867187500000000000          0.90467392739699271     
   2.19941348768770694732666015625000000          0.90099616953576678     
   2.20918865874409675598144531250000000          0.89721934317962071     
   2.21896382980048656463623046875000000          0.89334157534002456     
   2.22873900085687637329101562500000000          0.88936100429907072     
   2.23851417191326618194580078125000000          0.88527578214929870     
   2.24828934296965599060058593750000000          0.88108407733318395     
   2.25806451402604579925537109375000000          0.87678407717968088     
   2.26783968508243560791015625000000000          0.87237399043520070     
   2.27761485613882541656494140625000000          0.86785204978641561     
   2.28739002719521522521972656250000000          0.86321651437227831     
   2.29716519825160503387451171875000000          0.85846567228266724     
   2.30694036930799484252929687500000000          0.85359784304106356     
   2.31671554036438465118408203125000000          0.84861138006869241     
   2.32649071142077445983886718750000000          0.84350467312756894     
   2.33626588247716426849365234375000000          0.83827615073991113     
   2.34604105353355407714843750000000000          0.83292428258140261     
   2.35581622458994388580322265625000000          0.82744758184581235     
   2.36559139564633369445800781250000000          0.82184460757849942     
   2.37536656670272350311279296875000000          0.81611396697636684     
   2.38514173775911331176757812500000000          0.81025431765185341     
   2.39491690881550312042236328125000000          0.80426436985858640     
   2.40469207987189292907714843750000000          0.79814288867635352     
   2.41446725092828273773193359375000000          0.79188869615309487     
   2.42424242198467254638671875000000000          0.78550067340164320     
   2.43401759304106235504150390625000000          0.77897776264899654     
   2.44379276409745216369628906250000000          0.77231896923594401     
   2.45356793515384197235107421875000000          0.76552336356491191     
   2.46334310621023178100585937500000000          0.75859008299394570     
   2.47311827726662158966064453125000000          0.75151833367480081     
   2.48289344832301139831542968750000000          0.74430739233315268     
   2.49266861937940120697021484375000000          0.73695660798900964     
   2.50244379043579101562500000000000000          0.72946540361544931     
   2.51221896149218082427978515625000000          0.72183327773387462     
   2.52199413254857063293457031250000000          0.71405980594403040     
   2.53176930360496044158935546875000000          0.70614464238709529     
   2.54154447466135025024414062500000000          0.69808752114021810     
   2.55131964571774005889892578125000000          0.68988825754093752     
   2.56109481677412986755371093750000000          0.68154674943998650     
   2.57086998783051967620849609375000000          0.67306297838105877     
   2.58064515888690948486328125000000000          0.66443701070616856     
   2.59042032994329929351806640625000000          0.65566899858532501     
   2.60019550099968910217285156250000000          0.64675918096929652     
   2.60997067205607891082763671875000000          0.63770788446432658     
   2.61974584311246871948242187500000000          0.62851552412772804     
   2.62952101416885852813720703125000000          0.61918260418336424     
   2.63929618522524833679199218750000000          0.60970971865609602     
   2.64907135628163814544677734375000000          0.60009755192435943     
   2.65884652733802795410156250000000000          0.59034687919010209     
   2.66862169839441776275634765625000000          0.58045856686540809     
   2.67839686945080757141113281250000000          0.57043357287519203     
   2.68817204050719738006591796875000000          0.56027294687545137     
   2.69794721156358718872070312500000000          0.54997783038662740     
   2.70772238261997699737548828125000000          0.53954945684171207     
   2.71749755367636680603027343750000000          0.52898915154882586     
   2.72727272473275661468505859375000000          0.51829833156806349     
   2.73704789578914642333984375000000000          0.50747850550249418     
   2.74682306684553623199462890625000000          0.49653127320328283     
   2.75659823790192604064941406250000000          0.48545832538897982     
   2.76637340895831584930419921875000000          0.47426144317911234     
   2.77614858001470565795898437500000000          0.46294249754229055     
   2.78592375107109546661376953125000000          0.45150344865912456     
   2.79569892212748527526855468750000000          0.43994634520033277     
   2.80547409318387508392333984375000000          0.42827332352049724     
   2.81524926424026489257812500000000000          0.41648660676801297     
   2.82502443529665470123291015625000000          0.40458850391184953     
   2.83479960635304450988769531250000000          0.39258140868583019     
   2.84457477740943431854248046875000000          0.38046779845120998     
   2.85434994846582412719726562500000000          0.36825023297841486     
   2.86412511952221393585205078125000000          0.35593135314888436     
   2.87390029057860374450683593750000000          0.34351387957802976     
   2.88367546163499355316162109375000000          0.33100061116040991     
   2.89345063269138336181640625000000000          0.31839442353828634     
   2.90322580374777317047119140625000000          0.30569826749481033     
   2.91300097480416297912597656250000000          0.29291516727315281     
   2.92277614586055278778076171875000000          0.28004821882297137     
   2.93255131691694259643554687500000000          0.26710058797567510     
   2.94232648797333240509033203125000000          0.25407550855001659     
   2.95210165902972221374511718750000000          0.24097628038961100     
   2.96187683008611202239990234375000000          0.22780626733404907     
   2.97165200114250183105468750000000000          0.21456889512533223     
   2.98142717219889163970947265625000000          0.20126764925142893     
   2.99120234325528144836425781250000000          0.18790607272880322     
   3.00097751431167125701904296875000000          0.17448776382583941     
   3.01075268536806106567382812500000000          0.16101637372913108     
   3.02052785642445087432861328125000000          0.14749560415467339     
   3.03030302748084068298339843750000000          0.13392920490604004     
   3.04007819853723049163818359375000000          0.12032097138168840     
   3.04985336959362030029296875000000000          0.10667474203358296     
   3.05962854065001010894775390625000000           9.2994395779376071E-002
   3.06940371170639991760253906250000000           7.9283849370430648E-002
   3.07917888276278972625732421875000000           6.5547054718020581E-002
   3.08895405381917953491210937500000000           5.1787996180078288E-002
   3.09872922487556934356689453125000000           3.8010687810902999E-002
   3.10850439593195915222167968750000000           2.4219170576285975E-002
   3.11827956698834896087646484375000000           1.0417509536534142E-002
   3.12805473804473876953125000000000000          -3.3902090000821894E-003
   3.13782990910112857818603515625000000          -1.7199880350907693E-002
   3.14760508015751838684082031250000000          -3.1007384356926071E-002
   3.15738025121390819549560546875000000          -4.4808588302622299E-002
   3.16715542227029800415039062500000000          -5.8599349855052107E-002
   3.17693059332668781280517578125000000          -7.2375520019467787E-002
   3.18670576438307762145996093750000000          -8.6132946108828601E-002
   3.19648093543946743011474609375000000          -9.9867474724509353E-002
   3.20625610649585723876953125000000000         -0.11357495474550500     
   3.21603127755224704742431640625000000         -0.12725124032342033     
   3.22580644860863685607910156250000000         -0.14089219388052243     
   3.23558161966502666473388671875000000         -0.15449368910813022     
   3.24535679072141647338867187500000000         -0.16805161396260748     
   3.25513196177780628204345703125000000         -0.18156187365623133     
   3.26490713283419609069824218750000000         -0.19502039364020152     
   3.27468230389058589935302734375000000         -0.20842312257706819     
   3.28445747494697570800781250000000000         -0.22176603529985378     
   3.29423264600336551666259765625000000         -0.23504513575516423     
   3.30400781705975532531738281250000000         -0.24825645992758483     
   3.31378298811614513397216796875000000         -0.26139607874268134     
   3.32355815917253494262695312500000000         -0.27446010094593465     
   3.33333333022892475128173828125000000         -0.28744467595496392     
   3.34310850128531455993652343750000000         -0.30034599668240980     
   3.35288367234170436859130859375000000         -0.31316030232687658     
   3.36265884339809417724609375000000000         -0.32588388112935712     
   3.37243401445448398590087890625000000         -0.33851307309259637     
   3.38220918551087379455566406250000000         -0.35104427266087612     
   3.39198435656726360321044921875000000         -0.36347393135774386     
   3.40175952762365341186523437500000000         -0.37579856037923898     
   3.41153469868004322052001953125000000         -0.38801473314021312     
   3.42130986973643302917480468750000000         -0.40011908777137856     
   3.43108504079282283782958984375000000         -0.41210832956476523     
   3.44086021184921264648437500000000000         -0.42397923336530785     
   3.45063538290560245513916015625000000         -0.43572864590633997     
   3.46041055396199226379394531250000000         -0.44735348808681008     
   3.47018572501838207244873046875000000         -0.45885075718809859     
   3.47996089607477188110351562500000000         -0.47021752902835978     
   3.48973606713116168975830078125000000         -0.48145096005237242     
   3.49951123818755149841308593750000000         -0.49254828935493949     
   3.50928640924394130706787109375000000         -0.50350684063593898     
   3.51906158030033111572265625000000000         -0.51432402408518152     
   3.52883675135672092437744140625000000         -0.52499733819530969     
   3.53861192241311073303222656250000000         -0.53552437150101628     
   3.54838709346950054168701171875000000         -0.54590280424294768     
   3.55816226452589035034179687500000000         -0.55613040995471152     
   3.56793743558228015899658203125000000         -0.56620505697148182     
   3.57771260663866996765136718750000000         -0.57612470985876951     
   3.58748777769505977630615234375000000         -0.58588743075999294     
   3.59726294875144958496093750000000000         -0.59549138066155771     
   3.60703811980783939361572265625000000         -0.60493482057423797     
   3.61681329086422920227050781250000000         -0.61421611262971221     
   3.62658846192061901092529296875000000         -0.62333372109120111     
   3.63636363297700881958007812500000000         -0.63228621327721879     
   3.64613880403339862823486328125000000         -0.64107226039753817     
   3.65591397508978843688964843750000000         -0.64969063830054563     
   3.66568914614617824554443359375000000         -0.65814022813124384     
   3.67546431720256805419921875000000000         -0.66642001689924002     
   3.68523948825895786285400390625000000         -0.67452909795614691     
   3.69501465931534767150878906250000000         -0.68246667138189465     
   3.70478983037173748016357421875000000         -0.69023204427954821     
   3.71456500142812728881835937500000000         -0.69782463097829805     
   3.72434017248451709747314453125000000         -0.70524395314438504     
   3.73411534354090690612792968750000000         -0.71248963979979585     
   3.74389051459729671478271484375000000         -0.71956142724866079     
   3.75366568565368652343750000000000000         -0.72645915891135804     
   3.76344085671007633209228515625000000         -0.73318278506642653     
   3.77321602776646614074707031250000000         -0.73973236250046326     
   3.78299119882285594940185546875000000         -0.74610805406627256     
   3.79276636987924575805664062500000000         -0.75231012814961629     
   3.80254154093563556671142578125000000         -0.75833895804499996     
   3.81231671199202537536621093750000000         -0.76419502124101168     
   3.82209188304841518402099609375000000         -0.76987889861581560     
   3.83186705410480499267578125000000000         -0.77539127354348258     
   3.84164222516119480133056640625000000         -0.78073293091193063     
   3.85141739621758460998535156250000000         -0.78590475605331367     
   3.86119256727397441864013671875000000         -0.79090773358779776     
   3.87096773833036422729492187500000000         -0.79574294618172670     
   3.88074290938675403594970703125000000         -0.80041157322127043     
   3.89051808044314384460449218750000000         -0.80491488940271949     
   3.90029325149953365325927734375000000         -0.80925426324067340     
   3.91006842255592346191406250000000000         -0.81343115549543721     
   3.91984359361231327056884765625000000         -0.81744711752102850     
   3.92961876466870307922363281250000000         -0.82130378953525685     
   3.93939393572509288787841796875000000         -0.82500289881341948     
   3.94916910678148269653320312500000000         -0.82854625780722624     
   3.95894427783787250518798828125000000         -0.83193576219063226     
   3.96871944889426231384277343750000000         -0.83517338883432768     
   3.97849461995065212249755859375000000         -0.83826119371070340     
   3.98826979100704193115234375000000000         -0.84120130973116636     
   3.99804496206343173980712890625000000         -0.84399594451775717     
   4.00782013311982154846191406250000000         -0.84664737811106061     
   4.01759530417621135711669921875000000         -0.84915796061648763     
   4.02737047523260116577148437500000000         -0.85153010979103771     
   4.03714564628899097442626953125000000         -0.85376630857272551     
   4.04692081734538078308105468750000000         -0.85586910255489723     
   4.05669598840177059173583984375000000         -0.85784109740772307     
   4.06647115945816040039062500000000000         -0.85968495624918906     
   4.07624633051455020904541015625000000         -0.86140339696797752     
   4.08602150157094001770019531250000000         -0.86299918950064658     
   4.09579667262732982635498046875000000         -0.86447515306558564     
   4.10557184368371963500976562500000000         -0.86583415335624703     
   4.11534701474010944366455078125000000         -0.86707909969619990     
   4.12512218579649925231933593750000000         -0.86821294215859002     
   4.13489735685288906097412109375000000         -0.86923866865261590     
   4.14467252790927886962890625000000000         -0.87015930197966784     
   4.15444769896566867828369140625000000         -0.87097789686180715     
   4.16422287002205848693847656250000000         -0.87169753694527907     
   4.17399804107844829559326171875000000         -0.87232133178179461     
   4.18377321213483810424804687500000000         -0.87285241379031064     
   4.19354838319122791290283203125000000         -0.87329393520209031     
   4.20332355424761772155761718750000000         -0.87364906499181005     
   4.21309872530400753021240234375000000         -0.87392098579751387     
   4.22287389636039733886718750000000000         -0.87411289083221666     
   4.23264906741678714752197265625000000         -0.87422798078997399     
   4.24242423847317695617675781250000000         -0.87426946074923029     
   4.25219940952956676483154296875000000         -0.87424053707627580     
   4.26197458058595657348632812500000000         -0.87414441433162837     
   4.27174975164234638214111328125000000         -0.87398429218216500     
   4.28152492269873619079589843750000000         -0.87376336232181795     
   4.29130009375512599945068359375000000         -0.87348480540364393     
   4.30107526481151580810546875000000000         -0.87315178798606663     
   4.31085043586790561676025390625000000         -0.87276745949607903     
   4.32062560692429542541503906250000000         -0.87233494921217547     
   4.33040077798068523406982421875000000         -0.87185736326977259     
   4.34017594903707504272460937500000000         -0.87133778169184484     
   4.34995112009346485137939453125000000         -0.87077925544749712     
   4.35972629114985466003417968750000000         -0.87018480354114991     
   4.36950146220624446868896484375000000         -0.86955741013500409     
   4.37927663326263427734375000000000000         -0.86890002170740743     
   4.38905180431902408599853515625000000         -0.86821554424972636     
   4.39882697537541389465332031250000000         -0.86750684050427496     
   4.40860214643180370330810546875000000         -0.86677672724583421     
   4.41837731748819351196289062500000000         -0.86602797260923858     
   4.42815248854458332061767578125000000         -0.86526329346547726     
   4.43792765960097312927246093750000000         -0.86448535284870420     
   4.44770283065736293792724609375000000         -0.86369675743651275     
   4.45747800171375274658203125000000000         -0.86290005508577239     
   4.46725317277014255523681640625000000         -0.86209773242628751     
   4.47702834382653236389160156250000000         -0.86129221251446975     
   4.48680351488292217254638671875000000         -0.86048585254917365     
   4.49657868593931198120117187500000000         -0.85968094165178210     
   4.50635385699570178985595703125000000         -0.85887969871257019     
   4.51612902805209159851074218750000000         -0.85808427030531564     
   4.52590419910848140716552734375000000         -0.85729672867206397     
   4.53567937016487121582031250000000000         -0.85651906977988324     
   4.54545454122126102447509765625000000         -0.85575321145139616     
   4.55522971227765083312988281250000000         -0.85500099157078258     
   4.56500488333404064178466796875000000         -0.85426416636690417     
   4.57478005439043045043945312500000000         -0.85354440877511073     
   4.58455522544682025909423828125000000         -0.85284330687923005     
   4.59433039650321006774902343750000000         -0.85216236243515664     
   4.60410556755959987640380859375000000         -0.85150298947739755     
   4.61388073861598968505859375000000000         -0.85086651300983163     
   4.62365590967237949371337890625000000         -0.85025416778189400     
   4.63343108072876930236816406250000000         -0.84966709715128363     
   4.64320625178515911102294921875000000         -0.84910635203424567     
   4.65298142284154891967773437500000000         -0.84857288994437208     
   4.66275659389793872833251953125000000         -0.84806757412080380     
   4.67253176495432853698730468750000000         -0.84759117274662255     
   4.68230693601071834564208984375000000         -0.84714435825814260     
   4.69208210706710815429687500000000000         -0.84672770674572606     
   4.70185727812349796295166015625000000         -0.84634169744667342     
   4.71163244917988777160644531250000000         -0.84598671233063161     
   4.72140762023627758026123046875000000         -0.84566303577790558     
   4.73118279129266738891601562500000000         -0.84537085435095194     
   4.74095796234905719757080078125000000         -0.84511025665926309     
   4.75073313340544700622558593750000000         -0.84488123331774878     
   4.76050830446183681488037109375000000         -0.84468367699865499     
   4.77028347551822662353515625000000000         -0.84451738257695397     
   4.78005864657461643218994140625000000         -0.84438204736907518     
   4.78983381763100624084472656250000000         -0.84427727146473464     
   4.79960898868739604949951171875000000         -0.84420255815156509     
   4.80938415974378585815429687500000000         -0.84415731443213615     
   4.81915933080017566680908203125000000         -0.84414085163288988     
   4.82893450185656547546386718750000000         -0.84415238610441601     
   4.83870967291295528411865234375000000         -0.84419104001242529     
   4.84848484396934509277343750000000000         -0.84425584221867367     
   4.85826001502573490142822265625000000         -0.84434572925103524     
   4.86803518608212471008300781250000000         -0.84445954636180698     
   4.87781035713851451873779296875000000         -0.84459604867328297     
   4.88758552819490432739257812500000000         -0.84475390240952208     
   4.89736069925129413604736328125000000         -0.84493168621318304     
   4.90713587030768394470214843750000000         -0.84512789254619824     
   4.91691104136407375335693359375000000         -0.84534092917300230     
   4.92668621242046356201171875000000000         -0.84556912072493451     
   4.93646138347685337066650390625000000         -0.84581071034438282     
   4.94623655453324317932128906250000000         -0.84606386140714118     
   4.95601172558963298797607421875000000         -0.84632665932139806     
   4.96578689664602279663085937500000000         -0.84659711340169252     
   4.97556206770241260528564453125000000         -0.84687315881611580     
   4.98533723875880241394042968750000000         -0.84715265860495359     
   4.99511240981519222259521484375000000         -0.84743340576892212     
   5.00488758087158203125000000000000000         -0.84771312542505772     
   5.01466275192797183990478515625000000         -0.84798947702829297     
   5.02443792298436164855957031250000000         -0.84826005665665405     
   5.03421309404075145721435546875000000         -0.84852239935799245     
   5.04398826509714126586914062500000000         -0.84877398155607731     
   5.05376343615353107452392578125000000         -0.84901222351384553     
   5.06353860720992088317871093750000000         -0.84923449185153377     
   5.07331377826631069183349609375000000         -0.84943810211738269     
   5.08308894932270050048828125000000000         -0.84962032140854493     
   5.09286412037909030914306640625000000         -0.84977837103979170     
   5.10263929143548011779785156250000000         -0.84990942925755819     
   5.11241446249186992645263671875000000         -0.85001063399684029     
   5.12218963354825973510742187500000000         -0.85007908567840440     
   5.13196480460464954376220703125000000         -0.85011185004374368     
   5.14173997566103935241699218750000000         -0.85010596102517466     
   5.15151514671742916107177734375000000         -0.85005842364844297     
   5.16129031777381896972656250000000000         -0.84996621696516428     
   5.17106548883020877838134765625000000         -0.84982629701242529     
   5.18084065988659858703613281250000000         -0.84963559979680858     
   5.19061583094298839569091796875000000         -0.84939104430012224     
   5.20039100199937820434570312500000000         -0.84908953550406663     
   5.21016617305576801300048828125000000         -0.84872796743106882     
   5.21994134411215782165527343750000000         -0.84830322619849696     
   5.22971651516854763031005859375000000         -0.84781219308345723     
   5.23949168622493743896484375000000000         -0.84725174759535937     
   5.24926685728132724761962890625000000         -0.84661877055344892     
   5.25904202833771705627441406250000000         -0.84591014716647250     
   5.26881719939410686492919921875000000         -0.84512277011167192     
   5.27859237045049667358398437500000000         -0.84425354261028018     
   5.28836754150688648223876953125000000         -0.84329938149671024     
   5.29814271256327629089355468750000000         -0.84225722027862782     
   5.30791788361966609954833984375000000         -0.84112401218511545     
   5.31769305467605590820312500000000000         -0.83989673320013369     
   5.32746822573244571685791015625000000         -0.83857238507852094     
   5.33724339678883552551269531250000000         -0.83714799834176401     
   5.34701856784522533416748046875000000         -0.83562063525081842     
   5.35679373890161514282226562500000000         -0.83398739275325495     
   5.36656890995800495147705078125000000         -0.83224540540205583     
   5.37634408101439476013183593750000000         -0.83039184824338674     
   5.38611925207078456878662109375000000         -0.82842393967072891     
   5.39589442312717437744140625000000000         -0.82633894424275856     
   5.40566959418356418609619140625000000         -0.82413417546241852     
   5.41544476523995399475097656250000000         -0.82180699851464878     
   5.42521993629634380340576171875000000         -0.81935483296028955     
   5.43499510735273361206054687500000000         -0.81677515538370771     
   5.44477027840912342071533203125000000         -0.81406550199174599     
   5.45454544946551322937011718750000000         -0.81122347116162885     
   5.46432062052190303802490234375000000         -0.80824672593552827     
   5.47409579157829284667968750000000000         -0.80513299645951131     
   5.48387096263468265533447265625000000         -0.80188008236468122     
   5.49364613369107246398925781250000000         -0.79848585508834080     
   5.50342130474746227264404296875000000         -0.79494826013309228     
   5.51319647580385208129882812500000000         -0.79126531926182775     
   5.52297164686024188995361328125000000         -0.78743513262663467     
   5.53274681791663169860839843750000000         -0.78345588082969364     
   5.54252198897302150726318359375000000         -0.77932582691432062     
   5.55229716002941131591796875000000000         -0.77504331828435613     
   5.56207233108580112457275390625000000         -0.77060678855019027     
   5.57184750214219093322753906250000000         -0.76601475929975571     
   5.58162267319858074188232421875000000         -0.76126584179291812     
   5.59139784425497055053710937500000000         -0.75635873857774083     
   5.60117301531136035919189453125000000         -0.75129224502719205     
   5.61094818636775016784667968750000000         -0.74606525079492070     
   5.62072335742413997650146484375000000         -0.74067674118881865     
   5.63049852848052978515625000000000000         -0.73512579846114412     
   5.64027369953691959381103515625000000         -0.72941160301408359     
   5.65004887059330940246582031250000000         -0.72353343451968000     
   5.65982404164969921112060546875000000         -0.71749067295315627     
   5.66959921270608901977539062500000000         -0.71128279953873419     
   5.67937438376247882843017578125000000         -0.70490939760713023     
   5.68914955481886863708496093750000000         -0.69837015336399277     
   5.69892472587525844573974609375000000         -0.69166485656862919     
   5.70869989693164825439453125000000000         -0.68479340112244880     
   5.71847506798803806304931640625000000         -0.67775578556664162     
   5.72825023904442787170410156250000000         -0.67055211348868182     
   5.73802541010081768035888671875000000         -0.66318259383734701     
   5.74780058115720748901367187500000000         -0.65564754114600832     
   5.75757575221359729766845703125000000         -0.64794737566405536     
   5.76735092326998710632324218750000000         -0.64008262339637800     
   5.77712609432637691497802734375000000         -0.63205391605093664     
   5.78690126538276672363281250000000000         -0.62386199089451755     
   5.79667643643915653228759765625000000         -0.61550769051686971     
   5.80645160749554634094238281250000000         -0.60699196250349186     
   5.81622677855193614959716796875000000         -0.59831585901743078     
   5.82600194960832595825195312500000000         -0.58948053629053121     
   5.83577712066471576690673828125000000         -0.58048725402466472     
   5.84555229172110557556152343750000000         -0.57133737470353974     
   5.85532746277749538421630859375000000         -0.56203236281578905     
   5.86510263383388519287109375000000000         -0.55257378399009971     
   5.87487780489027500152587890625000000         -0.54296330404324333     
   5.88465297594666481018066406250000000         -0.53320268794192938     
   5.89442814700305461883544921875000000         -0.52329379867950143     
   5.90420331805944442749023437500000000         -0.51323859606855604     
   5.91397848911583423614501953125000000         -0.50303913545065471     
   5.92375366017222404479980468750000000         -0.49269756632436484     
   5.93352883122861385345458984375000000         -0.48221613089294996     
   5.94330400228500366210937500000000000         -0.47159716253308892     
   5.95307917334139347076416015625000000         -0.46084308418609443     
   5.96285434439778327941894531250000000         -0.44995640667315073     
   5.97262951545417308807373046875000000         -0.43893972693617728     
   5.98240468651056289672851562500000000         -0.42779572620597961     
   5.99217985756695270538330078125000000         -0.41652716809942436     
   6.00195502862334251403808593750000000         -0.40513689664742997     
   6.01173019967973232269287109375000000         -0.39362783425563563     
   6.02150537073612213134765625000000000         -0.38200297959966645     
   6.03128054179251194000244140625000000         -0.37026540545697295     
   6.04105571284890174865722656250000000         -0.35841825647728093     
   6.05083088390529155731201171875000000         -0.34646474689373952     
   6.06060605496168136596679687500000000         -0.33440815817691327     
   6.07038122601807117462158203125000000         -0.32225183663381196     
   6.08015639707446098327636718750000000         -0.30999919095419670     
   6.08993156813085079193115234375000000         -0.29765368970645900     
   6.09970673918724060058593750000000000         -0.28521885878539921     
   6.10948191024363040924072265625000000         -0.27269827881428721     
   6.11925708130002021789550781250000000         -0.26009558250361731     
   6.12903225235641002655029296875000000         -0.24741445196901257     
   6.13880742341279983520507812500000000         -0.23465861601076898     
   6.14858259446918964385986328125000000         -0.22183184735756212     
   6.15835776552557945251464843750000000         -0.20893795987686725     
   6.16813293658196926116943359375000000         -0.19598080575467786     
   6.17790810763835906982421875000000000         -0.18296427264712528     
   6.18768327869474887847900390625000000         -0.16989228080663721     
   6.19745844975113868713378906250000000         -0.15676878018527785     
   6.20723362080752849578857421875000000         -0.14359774751794696     
   6.21700879186391830444335937500000000         -0.13038318338811822     
   6.22678396292030811309814453125000000         -0.11712910927882064     
   6.23655913397669792175292968750000000         -0.10383956461156785     
   6.24633430503308773040771484375000000          -9.0518603775957385E-002
   6.25610947608947753906250000000000000          -7.7170293152659941E-002
   6.26588464714586734771728515625000000          -6.3798708132529802E-002
   6.27565981820225715637207031250000000          -5.0407930134557188E-002
   6.28543498925864696502685546875000000          -3.7002043625393333E-002
   6.29521016031503677368164062500000000          -2.3585133143165293E-002
   6.30498533137142658233642578125000000          -1.0161280328295885E-002
   6.31476050242781639099121093750000000           3.2654390359708740E-003
   6.32453567348420619964599609375000000           1.6690957970643627E-002
   6.33431084454059600830078125000000000           3.0111221232985819E-002
   6.34408601559698581695556640625000000           4.3522188230780356E-002
   6.35386118665337562561035156250000000           5.6919835916224515E-002
   6.36363635770976543426513671875000000           7.0300161656833393E-002
   6.37341152876615524291992187500000000           8.3659186080763503E-002
   6.38318669982254505157470703125000000           9.6992955893986377E-002
   6.39296187087893486022949218750000000          0.11029754666678521     
   6.40273704193532466888427734375000000          0.12356906558706005     
   6.41251221299171447753906250000000000          0.13680365417798573     
   6.42228738404810428619384765625000000          0.14999749097757609     
   6.43206255510449409484863281250000000          0.16314679417777345     
   6.44183772616088390350341796875000000          0.17624782422070295     
   6.45161289721727371215820312500000000          0.18929688634978514     
   6.46138806827366352081298828125000000          0.20229033311344324     
   6.47116323933005332946777343750000000          0.21522456681919000     
   6.48093841038644313812255859375000000          0.22809604193592592     
   6.49071358144283294677734375000000000          0.24090126744233381     
   6.50048875249922275543212890625000000          0.25363680911931158     
   6.51026392355561256408691406250000000          0.26629929178443379     
   6.52003909461200237274169921875000000          0.27888540146649621     
   6.52981426566839218139648437500000000          0.29139188751825434     
   6.53958943672478199005126953125000000          0.30381556466552523     
   6.54936460778117179870605468750000000          0.31615331499089105     
   6.55913977883756160736083984375000000          0.32840208985029967     
   6.56891494989395141601562500000000000          0.34055891172092922     
   6.57869012095034122467041015625000000          0.35262087597874642     
   6.58846529200673103332519531250000000          0.36458515260426266     
   6.59824046306312084197998046875000000          0.37644898781505465     
   6.60801563411951065063476562500000000          0.38820970562369556     
   6.61779080517590045928955078125000000          0.39986470931980950     
   6.62756597623229026794433593750000000          0.41141148287503848     
   6.63734114728868007659912109375000000          0.42284759226978680     
   6.64711631834506988525390625000000000          0.43417068674068232     
   6.65689148940145969390869140625000000          0.44537849994776924     
   6.66666666045784950256347656250000000          0.45646885106053120     
   6.67644183151423931121826171875000000          0.46743964576191399     
   6.68621700257062911987304687500000000          0.47828887716960244     
   6.69599217362701892852783203125000000          0.48901462667388318     
   6.70576734468340873718261718750000000          0.49961506469150918     
   6.71554251573979854583740234375000000          0.51008845133505476     
   6.72531768679618835449218750000000000          0.52043313699734339     
   6.73509285785257816314697265625000000          0.53064756285060133     
   6.74486802890896797180175781250000000          0.54073026126007917     
   6.75464319996535778045654296875000000          0.55067985611196335     
   6.76441837102174758911132812500000000          0.56049506305548091     
   6.77419354207813739776611328125000000          0.57017468965918583     
   6.78396871313452720642089843750000000          0.57971763548149768     
   6.79374388419091701507568359375000000          0.58912289205564117     
   6.80351905524730682373046875000000000          0.59838954278922385     
   6.81329422630369663238525390625000000          0.60751676277876576     
   6.82306939736008644104003906250000000          0.61650381853957981     
   6.83284456841647624969482421875000000          0.62535006765148027     
   6.84261973947286605834960937500000000          0.63405495832087810     
   6.85239491052925586700439453125000000          0.64261802885990427     
   6.86217008158564567565917968750000000          0.65103890708327505     
   6.87194525264203548431396484375000000          0.65931730962370061     
   6.88172042369842529296875000000000000          0.66745304116670856     
   6.89149559475481510162353515625000000          0.67544599360583335     
   6.90127076581120491027832031250000000          0.68329614511920167     
   6.91104593686759471893310546875000000          0.69100355916861234     
   6.92082110792398452758789062500000000          0.69856838342228988     
   6.93059627898037433624267578125000000          0.70599084860255623     
   6.94037145003676414489746093750000000          0.71327126725974499     
   6.95014662109315395355224609375000000          0.72041003247374369     
   6.95992179214954376220703125000000000          0.72740761648462537     
   6.96969696320593357086181640625000000          0.73426456925389294     
   6.97947213426232337951660156250000000          0.74098151695793046     
   6.98924730531871318817138671875000000          0.74755916041531312     
   6.99902247637510299682617187500000000          0.75399827344969750     
   7.00879764743149280548095703125000000          0.76029970119006807     
   7.01857281848788261413574218750000000          0.76646435831017889     
   7.02834798954427242279052734375000000          0.77249322720908753     
   7.03812316060066223144531250000000000          0.77838735613472720     
   7.04789833165705204010009765625000000          0.78414785725252589     
   7.05767350271344184875488281250000000          0.78977590466112568     
   7.06744867376983165740966796875000000          0.79527273235730800     
   7.07722384482622146606445312500000000          0.80063963215227651     
   7.08699901588261127471923828125000000          0.80587795154149822     
   7.09677418693900108337402343750000000          0.81098909153034027     
   7.10654935799539089202880859375000000          0.81597450441778885     
   7.11632452905178070068359375000000000          0.82083569154056890     
   7.12609970010817050933837890625000000          0.82557420098002365     
   7.13587487116456031799316406250000000          0.83019162523414269     
   7.14565004222095012664794921875000000          0.83468959885717042     
   7.15542521327733993530273437500000000          0.83906979606923937     
   7.16520038433372974395751953125000000          0.84333392833851517     
   7.17497555539011955261230468750000000          0.84748374193835774     
   7.18475072644650936126708984375000000          0.85152101548202608     
   7.19452589750289916992187500000000000          0.85544755743747303     
   7.20430106855928897857666015625000000          0.85926520362480174     
   7.21407623961567878723144531250000000          0.86297581469895612     
   7.22385141067206859588623046875000000          0.86658127362024417     
   7.23362658172845840454101562500000000          0.87008348311529393     
   7.24340175278484821319580078125000000          0.87348436313105626     
   7.25317692384123802185058593750000000          0.87678584828446338     
   7.26295209489762783050537109375000000          0.87998988531036804     
   7.27272726595401763916015625000000000          0.88309843051037384     
   7.28250243701040744781494140625000000          0.88611344720517893     
   7.29227760806679725646972656250000000          0.88903690319303430     
   7.30205277912318706512451171875000000          0.89187076821692590     
   7.31182795017957687377929687500000000          0.89461701144306738     
   7.32160312123596668243408203125000000          0.89727759895328385     
   7.33137829229235649108886718750000000          0.89985449125384964     
   7.34115346334874629974365234375000000          0.90234964080332614     
   7.35092863440513610839843750000000000          0.90476498956192442     
   7.36070380546152591705322265625000000          0.90710246656489646     
   7.37047897651791572570800781250000000          0.90936398552243036     
   7.38025414757430553436279296875000000          0.91155144244850139     
   7.39002931863069534301757812500000000          0.91366671332109994     
   7.39980448968708515167236328125000000          0.91571165177622127     
   7.40957966074347496032714843750000000          0.91768808683797176     
   7.41935483179986476898193359375000000          0.91959782068711116     
   7.42913000285625457763671875000000000          0.92144262647030306     
   7.43890517391264438629150390625000000          0.92322424615231313     
   7.44868034496903419494628906250000000          0.92494438841334747     
   7.45845551602542400360107421875000000          0.92660472659367832     
   7.46823068708181381225585937500000000          0.92820689668765433     
   7.47800585813820362091064453125000000          0.92975249538914961     
   7.48778102919459342956542968750000000          0.93124307819044372     
   7.49755620025098323822021484375000000          0.93268015753648459     
   7.50733137130737304687500000000000000          0.93406520103641411     
   7.51710654236376285552978515625000000          0.93539962973419721     
   7.52688171342015266418457031250000000          0.93668481644012003     
   7.53665688447654247283935546875000000          0.93792208412487177     
   7.54643205553293228149414062500000000          0.93911270437785854     
   7.55620722658932209014892578125000000          0.94025789593133502     
   7.56598239764571189880371093750000000          0.94135882325187037     
   7.57575756870210170745849609375000000          0.94241659520060439     
   7.58553273975849151611328125000000000          0.94343226376367340     
   7.59530791081488132476806640625000000          0.94440682285412203     
   7.60508308187127113342285156250000000          0.94534120718654102     
   7.61485825292766094207763671875000000          0.94623629122560426     
   7.62463342398405075073242187500000000          0.94709288820959436     
   7.63440859504044055938720703125000000          0.94791174924994859     
   7.64418376609683036804199218750000000          0.94869356250775860     
   7.65395893715322017669677734375000000          0.94943895244810550     
   7.66373410820960998535156250000000000          0.95014847917301037     
   7.67350927926599979400634765625000000          0.95082263783372323     
   7.68328445032238960266113281250000000          0.95146185812297868     
   7.69305962137877941131591796875000000          0.95206650384777436     
   7.70283479243516921997070312500000000          0.95263687258314955     
   7.71260996349155902862548828125000000          0.95317319540735346     
   7.72238513454794883728027343750000000          0.95367563671871802     
   7.73216030560433864593505859375000000          0.95414429413446855     
   7.74193547666072845458984375000000000          0.95457919847161787     
   7.75171064771711826324462890625000000          0.95498031381001469     
   7.76148581877350807189941406250000000          0.95534753763753144     
   7.77126098982989788055419921875000000          0.95568070107729453     
   7.78103616088628768920898437500000000          0.95597956919678084     
   7.79081133194267749786376953125000000          0.95624384139851881     
   7.80058650299906730651855468750000000          0.95647315189205484     
   7.81036167405545711517333984375000000          0.95666707024676012     
   7.82013684511184692382812500000000000          0.95682510202497684     
   7.82991201616823673248291015625000000          0.95694668949491923     
   7.83968718722462654113769531250000000          0.95703121242266387     
   7.84946235828101634979248046875000000          0.95707798894248919     
   7.85923752933740615844726562500000000          0.95708627650474021     
   7.86901270039379596710205078125000000          0.95705527290032322     
   7.87878787145018577575683593750000000          0.95698411736084443     
   7.88856304250657558441162109375000000          0.95687189173335307     
   7.89833821356296539306640625000000000          0.95671762172854979     
   7.90811338461935520172119140625000000          0.95652027824126584     
   7.91788855567574501037597656250000000          0.95627877874193323     
   7.92766372673213481903076171875000000          0.95599198873770441     
   7.93743889778852462768554687500000000          0.95565872330179791     
   7.94721406884491443634033203125000000          0.95527774866959092     
   7.95698923990130424499511718750000000          0.95484778389989744     
   7.96676441095769405364990234375000000          0.95436750259981840     
   7.97653958201408386230468750000000000          0.95383553471147198     
   7.98631475307047367095947265625000000          0.95325046835886140     
   7.99608992412686347961425781250000000          0.95261085175306526     
   8.00586509518325328826904296875000000          0.95191519515388456     
   8.01564026623964309692382812500000000          0.95116197288601456     
   8.02541543729603290557861328125000000          0.95034962540776058     
   8.03519060835242271423339843750000000          0.94947656143025561     
   8.04496577940881252288818359375000000          0.94854116008509148     
   8.05474095046520233154296875000000000          0.94754177313821852     
   8.06451612152159214019775390625000000          0.94647672724792919     
   8.07429129257798194885253906250000000          0.94534432626467879     
   8.08406646363437175750732421875000000          0.94414285357047389     
   8.09384163469076156616210937500000000          0.94287057445549749     
   8.10361680574715137481689453125000000          0.94152573852961163     
   8.11339197680354118347167968750000000          0.94010658216633169     
   8.12316714785993099212646484375000000          0.93861133097684579     
   8.13294231891632080078125000000000000          0.93703820231159840     
   8.14271748997271060943603515625000000          0.93538540778694779     
   8.15249266102910041809082031250000000          0.93365115583436331     
   8.16226783208549022674560546875000000          0.93183365426960996     
   8.17204300314188003540039062500000000          0.92993111287934327     
   8.18181817419826984405517578125000000          0.92794174602251434     
   8.19159334525465965270996093750000000          0.92586377524396768     
   8.20136851631104946136474609375000000          0.92369543189759895     
   8.21114368736743927001953125000000000          0.92143495977642553     
   8.22091885842382907867431640625000000          0.91908061774690974     
   8.23069402948021888732910156250000000          0.91663068238487122     
   8.24046920053660869598388671875000000          0.91408345061031337     
   8.25024437159299850463867187500000000          0.91143724231848655     
   8.26001954264938831329345703125000000          0.90869040300451631     
   8.26979471370577812194824218750000000          0.90584130637891480     
   8.27956988476216793060302734375000000          0.90288835697130898     
   8.28934505581855773925781250000000000          0.89982999271971953     
   8.29912022687494754791259765625000000          0.89666468754273598     
   8.30889539793133735656738281250000000          0.89339095389194434     
   8.31867056898772716522216796875000000          0.89000734528198200     
   8.32844574004411697387695312500000000          0.88651245879560259     
   8.33822091110050678253173828125000000          0.88290493756116584     
   8.34799608215689659118652343750000000          0.87918347319997592     
   8.35777125321328639984130859375000000          0.87534680824092814     
   8.36754642426967620849609375000000000          0.87139373849994084     
   8.37732159532606601715087890625000000          0.86732311542168861     
   8.38709676638245582580566406250000000          0.86313384838117135     
   8.39687193743884563446044921875000000          0.85882490694270530     
   8.40664710849523544311523437500000000          0.85439532307394062     
   8.41642227955162525177001953125000000          0.84984419331256378     
   8.42619745060801506042480468750000000          0.84517068088337166     
   8.43597262166440486907958984375000000          0.84037401776345955     
   8.44574779272079467773437500000000000          0.83545350669329888     
   8.45552296377718448638916015625000000          0.83040852313153890     
   8.46529813483357429504394531250000000          0.82523851715140684     
   8.47507330588996410369873046875000000          0.81994301527663938     
   8.48484847694635391235351562500000000          0.81452162225493130     
   8.49462364800274372100830078125000000          0.80897402276693797     
   8.50439881905913352966308593750000000          0.80329998306893202     
   8.51417399011552333831787109375000000          0.79749935256727278     
   8.52394916117191314697265625000000000          0.79157206532290247     
   8.53372433222830295562744140625000000          0.78551814148415877     
   8.54349950328469276428222656250000000          0.77933768864624220     
   8.55327467434108257293701171875000000          0.77303090313575762     
   8.56304984539747238159179687500000000          0.76659807121880785     
   8.57282501645386219024658203125000000          0.76003957023119240     
   8.58260018751025199890136718750000000          0.75335586962932999     
   8.59237535856664180755615234375000000          0.74654753196060242     
   8.60215052962303161621093750000000000          0.73961521375188288     
   8.61192570067942142486572265625000000          0.73255966631509750     
   8.62170087173581123352050781250000000          0.72538173646873194     
   8.63147604279220104217529296875000000          0.71808236717428331     
   8.64125121384859085083007812500000000          0.71066259808672927     
   8.65102638490498065948486328125000000          0.70312356601816883     
   8.66080155596137046813964843750000000          0.69546650531386600     
   8.67057672701776027679443359375000000          0.68769274814001147     
   8.68035189807415008544921875000000000          0.67980372468259764     
   8.69012706913053989410400390625000000          0.67180096325688465     
   8.69990224018692970275878906250000000          0.66368609032701642     
   8.70967741124331951141357421875000000          0.65546083043543368     
   8.71945258229970932006835937500000000          0.64712700604180662     
   8.72922775335609912872314453125000000          0.63868653727130464     
   8.73900292441248893737792968750000000          0.63014144157209306     
   8.74877809546887874603271484375000000          0.62149383328204122     
   8.75855326652526855468750000000000000          0.61274592310470521     
   8.76832843758165836334228515625000000          0.60390001749473621     
   8.77810360863804817199707031250000000          0.59495851795294508     
   8.78787877969443798065185546875000000          0.58592392023134865     
   8.79765395075082778930664062500000000          0.57679881344859174     
   8.80742912180721759796142578125000000          0.56758587911624070     
   8.81720429286360740661621093750000000          0.55828789007651258     
   8.82697946391999721527099609375000000          0.54890770935209710     
   8.83675463497638702392578125000000000          0.53944828890880514     
   8.84652980603277683258056640625000000          0.52991266833186668     
   8.85630497708916664123535156250000000          0.52030397341677159     
   8.86608014814555644989013671875000000          0.51062541467563938     
   8.87585531920194625854492187500000000          0.50088028576017396     
   8.88563049025833606719970703125000000          0.49107196180234564     
   8.89540566131472587585449218750000000          0.48120389767401528     
   8.90518083237111568450927734375000000          0.47127962616679447     
   8.91495600342750549316406250000000000          0.46130275609351173     
   8.92473117448389530181884765625000000          0.45127697031272951     
   8.93450634554028511047363281250000000          0.44120602367782730     
   8.94428151659667491912841796875000000          0.43109374091224129     
   8.95405668765306472778320312500000000          0.42094401441252066     
   8.96383185870945453643798828125000000          0.41076080198092874     
   8.97360702976584434509277343750000000          0.40054812448938393     
   8.98338220082223415374755859375000000          0.39031006347660530     
   8.99315737187862396240234375000000000          0.38005075868038690     
   9.00293254293501377105712890625000000          0.36977440550699231     
   9.01270771399140357971191406250000000          0.35948525243971480     
   9.02248288504779338836669921875000000          0.34918759838871699     
   9.03225805610418319702148437500000000          0.33888578998431140     
   9.04203322716057300567626953125000000          0.32858421881590549     
   9.05180839821696281433105468750000000          0.31828731861888276     
   9.06158356927335262298583984375000000          0.30799956241174647     
   9.07135874032974243164062500000000000          0.29772545958589819     
   9.08113391138613224029541015625000000          0.28746955295047311     
   9.09090908244252204895019531250000000          0.27723641573469643     
   9.10068425349891185760498046875000000          0.26703064855026731     
   9.11045942455530166625976562500000000          0.25685687631631976     
   9.12023459561169147491455078125000000          0.24671974514954481     
   9.13000976666808128356933593750000000          0.23662391922209408     
   9.13978493772447109222412109375000000          0.22657407758991938     
   9.14956010878086090087890625000000000          0.21657491099423182     
   9.15933527983725070953369140625000000          0.20663111863879463     
   9.16911045089364051818847656250000000          0.19674740494578463     
   9.17888562195003032684326171875000000          0.18692847629298831     
   9.18866079300642013549804687500000000          0.17717903773510907     
   9.19843596406280994415283203125000000          0.16750378971199326     
   9.20821113511919975280761718750000000          0.15790742474658109     
   9.21798630617558956146240234375000000          0.14839462413542232     
   9.22776147723197937011718750000000000          0.13897005463458650     
   9.23753664828836917877197265625000000          0.12963836514382160     
   9.24731181934475898742675781250000000          0.12040418339180953     
   9.25708699040114879608154296875000000          0.11127211262537540     
   9.26686216145753860473632812500000000          0.10224672830550519     
   9.27663733251392841339111328125000000           9.3332574813025038E-002
   9.28641250357031822204589843750000000           8.4534162166787274E-002
   9.29618767462670803070068359375000000           7.5855962757206075E-002
   9.30596284568309783935546875000000000           6.7302408097967947E-002
   9.31573801673948764801025390625000000           5.8877885598736468E-002
   9.32551318779587745666503906250000000           5.0586735361650426E-002
   9.33528835885226726531982421875000000           4.2433247004396102E-002
   9.34506352990865707397460937500000000           3.4421656512618415E-002
   9.35483870096504688262939453125000000           2.6556143124406295E-002
   9.36461387202143669128417968750000000           1.8840826249567122E-002
   9.37438904307782649993896484375000000           1.1279762426373241E-002
   9.38416421413421630859375000000000000           3.8769423184333296E-003
   9.39393938519060611724853515625000000          -3.3637122456867674E-003
   9.40371455624699592590332031250000000          -1.0438351187516459E-002
   9.41348972730338573455810546875000000          -1.7343199045849522E-002
   9.42326489835977554321289062500000000          -2.4074557793533569E-002
   9.43304006941616535186767578125000000          -3.0628809601406015E-002
   9.44281524047255516052246093750000000          -3.7002419546965204E-002
   9.45259041152894496917724609375000000          -4.3191938265399576E-002
   9.46236558258533477783203125000000000          -4.9194004540655700E-002
   9.47214075364172458648681640625000000          -5.5005347834268969E-002
   9.48191592469811439514160156250000000          -6.0622790749745248E-002
   9.49169109575450420379638671875000000          -6.6043251430324690E-002
   9.50146626681089401245117187500000000          -7.1263745888029251E-002
   9.51124143786728382110595703125000000          -7.6281390261941195E-002
   9.52101660892367362976074218750000000          -8.1093403003735576E-002
   9.53079177998006343841552734375000000          -8.5697106988541050E-002
   9.54056695103645324707031250000000000          -9.0089931549275415E-002
   9.55034212209284305572509765625000000          -9.4269414432664678E-002
   9.56011729314923286437988281250000000          -9.8233203675226810E-002
   9.56989246420562267303466796875000000         -0.10197905939756768     
   9.57966763526201248168945312500000000         -0.10550485551540906     
   9.58944280631840229034423828125000000         -0.10880858136584320     
   9.59921797737479209899902343750000000         -0.11188834324738056     
   9.60899314843118190765380859375000000         -0.11474236587243197     
   9.61876831948757171630859375000000000         -0.11736899373095083     
   9.62854349054396152496337890625000000         -0.11976669236402360     
   9.63831866160035133361816406250000000         -0.12193404954629478     
   9.64809383265674114227294921875000000         -0.12386977637617785     
   9.65786900371313095092773437500000000         -0.12557270827289230     
   9.66764417476952075958251953125000000         -0.12704180587944558     
   9.67741934582591056823730468750000000         -0.12827615587076485     
   9.68719451688230037689208984375000000         -0.12927497166626256     
   9.69696968793869018554687500000000000         -0.13003759404620907     
   9.70674485899507999420166015625000000         -0.13056349167136450     
   9.71652003005146980285644531250000000         -0.13085226150541462     
   9.72629520110785961151123046875000000         -0.13090362913983239     
   9.73607037216424942016601562500000000         -0.13071744902088189     
   9.74584554322063922882080078125000000         -0.13029370457856126     
   9.75562071427702903747558593750000000         -0.12963250825736794     
   9.76539588533341884613037109375000000         -0.12873410144886333     
   9.77517105638980865478515625000000000         -0.12759885432608997     
   9.78494622744619846343994140625000000         -0.12622726557998876     
   9.79472139850258827209472656250000000         -0.12461996205804743     
   9.80449656955897808074951171875000000         -0.12277769830549751     
   9.81427174061536788940429687500000000         -0.12070135600946397     
   9.82404691167175769805908203125000000         -0.11839194334655578     
   9.83382208272814750671386718750000000         -0.11585059423447169     
   9.84359725378453731536865234375000000         -0.11307856748828110     
   9.85337242484092712402343750000000000         -0.11007724588212248     
   9.86314759589731693267822265625000000         -0.10684813511714297     
   9.87292276695370674133300781250000000         -0.10339286269659193     
   9.88269793801009654998779296875000000          -9.9713176709054663E-002
   9.89247310906648635864257812500000000          -9.5810944520900720E-002
   9.90224828012287616729736328125000000          -9.1688151379093752E-002
   9.91202345117926597595214843750000000          -8.7346898925596217E-002
   9.92179862223565578460693359375000000          -8.2789403624673130E-002
   9.93157379329204559326171875000000000          -7.8017995104480986E-002
   9.94134896434843540191650390625000000          -7.3035114414395974E-002
   9.95112413540482521057128906250000000          -6.7843312199619643E-002
   9.96089930646121501922607421875000000          -6.2445246794661402E-002
   9.97067447751760482788085937500000000          -5.6843682237376625E-002
   9.98044964857399463653564453125000000          -5.1041486205303854E-002
   9.99022481963038444519042968750000000          -4.5041627876112156E-002
   9.99999999068677425384521484375000000          -3.8847175714041560E-002
   10.0097751617431640625000000000000000          -3.2461295184275096E-002
