   9.77517105638980865478515625000000000E-0003     320.24365124082743     
   1.95503421127796173095703125000000000E-0002     323.96095244950692     
   2.93255131691694259643554687500000000E-0002     327.80012596369903     
   3.91006842255592346191406250000000000E-0002     331.76019197265146     
   4.88758552819490432739257812500000000E-0002     335.84014082031683     
   5.86510263383388519287109375000000000E-0002     340.03893326918029     
   6.84261973947286605834960937500000000E-0002     344.35550077164061     
   7.82013684511184692382812500000000000E-0002     348.78874574886373     
   8.79765395075082778930664062500000000E-0002     353.33754187703011     
   9.77517105638980865478515625000000000E-0002     358.00073438089100     
  0.107526881620287895202636718750000000           362.77714033455140     
  0.117302052676677703857421875000000000           367.66554896938823     
  0.127077223733067512512207031250000000           372.66472198902056     
  0.136852394789457321166992187500000000           377.77339389123358     
  0.146627565845847129821777343750000000           382.99027229677154     
  0.156402736902236938476562500000000000           388.31403828489641     
  0.166177907958626747131347656250000000           393.74334673562100     
  0.175953079015016555786132812500000000           399.27682667851650     
  0.185728250071406364440917968750000000           404.91308164799159     
  0.195503421127796173095703125000000000           410.65069004494381     
  0.205278592184185981750488281250000000           416.48820550467593     
  0.215053763240575790405273437500000000           422.42415727097438     
  0.224828934296965599060058593750000000           428.45705057623883     
  0.234604105353355407714843750000000000           434.58536702755640     
  0.244379276409745216369628906250000000           440.80756499860701     
  0.254154447466135025024414062500000000           447.12208002728966     
  0.263929618522524833679199218750000000           453.52732521895172     
  0.273704789578914642333984375000000000           460.02169165510935     
  0.283479960635304450988769531250000000           466.60354880754056     
  0.293255131691694259643554687500000000           473.27124495762877     
  0.303030302748084068298339843750000000           480.02310762084238     
  0.312805473804473876953125000000000000           486.85744397622415     
  0.322580644860863685607910156250000000           493.77254130076864     
  0.332355815917253494262695312500000000           500.76666740856416     
  0.342130986973643302917480468750000000           507.83807109457382     
  0.351906158030033111572265625000000000           514.98498258292568     
  0.361681329086422920227050781250000000           522.20561397958841     
  0.371456500142812728881835937500000000           529.49815972930037     
  0.381231671199202537536621093750000000           536.86079707662179     
  0.391006842255592346191406250000000000           544.29168653098031     
  0.400782013311982154846191406250000000           551.78897233557473     
  0.410557184368371963500976562500000000           559.35078294000562     
  0.420332355424761772155761718750000000           566.97523147649895     
  0.430107526481151580810546875000000000           574.66041623958245     
  0.439882697537541389465332031250000000           582.40442116908571     
  0.449657868593931198120117187500000000           590.20531633631981     
  0.459433039650321006774902343750000000           598.06115843330463     
  0.469208210706710815429687500000000000           605.96999126490050     
  0.478983381763100624084472656250000000           613.92984624370547     
  0.488758552819490432739257812500000000           621.93874288758320     
  0.498533723875880241394042968750000000           629.99468931967272     
  0.508308894932270050048828125000000000           638.09568277074391     
  0.518084065988659858703613281250000000           646.23971008375747     
  0.527859237045049667358398437500000000           654.42474822048212     
  0.537634408101439476013183593750000000           662.64876477003486     
  0.547409579157829284667968750000000000           670.90971845918921     
  0.557184750214219093322753906250000000           679.20555966431903     
  0.566959921270608901977539062500000000           687.53423092482831     
  0.576735092326998710632324218750000000           695.89366745792313     
  0.586510263383388519287109375000000000           704.28179767458346     
  0.596285434439778327941894531250000000           712.69654369658815     
  0.606060605496168136596679687500000000           721.13582187444990     
  0.615835776552557945251464843750000000           729.59754330611440     
  0.625610947608947753906250000000000000           738.07961435627931     
  0.635386118665337562561035156250000000           746.57993717618842     
  0.645161289721727371215820312500000000           755.09641022375627     
  0.654936460778117179870605468750000000           763.62692878387634     
  0.664711631834506988525390625000000000           772.16938548877238     
  0.674486802890896797180175781250000000           780.72167083824434     
  0.684261973947286605834960937500000000           789.28167371966629     
  0.694037145003676414489746093750000000           797.84728192759462     
  0.703812316060066223144531250000000000           806.41638268283691     
  0.713587487116456031799316406250000000           814.98686315084569     
  0.723362658172845840454101562500000000           823.55661095928758     
  0.733137829229235649108886718750000000           832.12351471464979     
  0.742913000285625457763671875000000000           840.68546451773796     
  0.752688171342015266418457031250000000           849.24035247792904     
  0.762463342398405075073242187500000000           857.78607322603250     
  0.772238513454794883728027343750000000           866.32052442562417     
  0.782013684511184692382812500000000000           874.84160728270876     
  0.791788855567574501037597656250000000           883.34722705357763     
  0.801564026623964309692382812500000000           891.83529355071653     
  0.811339197680354118347167968750000000           900.30372164663243     
  0.821114368736743927001953125000000000           908.75043177545740     
  0.830889539793133735656738281250000000           917.17335043219759     
  0.840664710849523544311523437500000000           925.57041066948932     
  0.850439881905913352966308593750000000           933.93955259173231     
  0.860215052962303161621093750000000000           942.27872384645923     
  0.869990224018692970275878906250000000           950.58588011282097     
  0.879765395075082778930664062500000000           958.85898558704457     
  0.889540566131472587585449218750000000           967.09601346474324     
  0.899315737187862396240234375000000000           975.29494641994438     
  0.909090908244252204895019531250000000           983.45377708070964     
  0.918866079300642013549804687500000000           991.57050850122130     
  0.928641250357031822204589843750000000           999.64315463020876     
  0.938416421413421630859375000000000000           1007.6697407755910     
  0.948191592469811439514160156250000000           1015.6483040652145     
  0.957966763526201248168945312500000000           1023.5768939035626     
  0.967741934582591056823730468750000000           1031.4535724243178     
  0.977517105638980865478515625000000000           1039.2764149386605     
  0.987292276695370674133300781250000000           1047.0435103791833     
  0.997067447751760482788085937500000000           1054.7529617393084     
   1.00684261880815029144287109375000000           1062.4028865080934     
   1.01661778986454010009765625000000000           1069.9914171003136     
   1.02639296092092990875244140625000000           1077.5167012817083     
   1.03616813197731971740722656250000000           1084.9769025892838     
   1.04594330303370952606201171875000000           1092.3702007465670     
   1.05571847409009933471679687500000000           1099.6947920736970     
   1.06549364514648914337158203125000000           1106.9488898922609     
   1.07526881620287895202636718750000000           1114.1307249247634     
   1.08504398725926876068115234375000000           1121.2385456886320     
   1.09481915831565856933593750000000000           1128.2706188846605     
   1.10459432937204837799072265625000000           1135.2252297797932     
   1.11436950042843818664550781250000000           1142.1006825841532     
   1.12414467148482799530029296875000000           1148.8953008222234     
   1.13391984254121780395507812500000000           1155.6074276980889     
   1.14369501359760761260986328125000000           1162.2354264546507     
   1.15347018465399742126464843750000000           1168.7776807267228     
   1.16324535571038722991943359375000000           1175.2325948879325     
   1.17302052676677703857421875000000000           1181.5985943913279     
   1.18279569782316684722900390625000000           1187.8741261036312     
   1.19257086887955665588378906250000000           1194.0576586330362     
   1.20234603993594646453857421875000000           1200.1476826504927     
   1.21212121099233627319335937500000000           1206.1427112043882     
   1.22189638204872608184814453125000000           1212.0412800285621     
   1.23167155310511589050292968750000000           1217.8419478435785     
   1.24144672416150569915771484375000000           1223.5432966511921     
   1.25122189521789550781250000000000000           1229.1439320219338     
   1.26099706627428531646728515625000000           1234.6424833757612     
   1.27077223733067512512207031250000000           1240.0376042557045     
   1.28054740838706493377685546875000000           1245.3279725944508     
   1.29032257944345474243164062500000000           1250.5122909738097     
   1.30009775049984455108642578125000000           1255.5892868770043     
   1.30987292155623435974121093750000000           1260.5577129337337     
   1.31964809261262416839599609375000000           1265.4163471579591     
   1.32942326366901397705078125000000000           1270.1639931783609     
   1.33919843472540378570556640625000000           1274.7994804614229     
   1.34897360578179359436035156250000000           1279.3216645271020     
   1.35874877683818340301513671875000000           1283.7294271570377     
   1.36852394789457321166992187500000000           1288.0216765952632     
   1.37829911895096302032470703125000000           1292.1973477413858     
   1.38807429000735282897949218750000000           1296.2554023361938     
   1.39784946106374263763427734375000000           1300.1948291396675     
   1.40762463212013244628906250000000000           1304.0146441013553     
   1.41739980317652225494384765625000000           1307.7138905230945     
   1.42717497423291206359863281250000000           1311.2916392140492     
   1.43695014528930187225341796875000000           1314.7469886380409     
   1.44672531634569168090820312500000000           1318.0790650531540     
   1.45650048740208148956298828125000000           1321.2870226435994     
   1.46627565845847129821777343750000000           1324.3700436438166     
   1.47605082951486110687255859375000000           1327.3273384548056     
   1.48582600057125091552734375000000000           1330.1581457526745     
   1.49560117162764072418212890625000000           1332.8617325893968     
   1.50537634268403053283691406250000000           1335.4373944857718     
   1.51515151374042034149169921875000000           1337.8844555165840     
   1.52492668479681015014648437500000000           1340.2022683879609     
   1.53470185585319995880126953125000000           1342.3902145069312     
   1.54447702690958976745605468750000000           1344.4477040431841     
   1.55425219796597957611083984375000000           1346.3741759830400     
   1.56402736902236938476562500000000000           1348.1690981756374     
   1.57380254007875919342041015625000000           1349.8319673713470     
   1.58357771113514900207519531250000000           1351.3623092524294     
   1.59335288219153881072998046875000000           1352.7596784559471     
   1.60312805324792861938476562500000000           1354.0236585889506     
   1.61290322430431842803955078125000000           1355.1538622359599     
   1.62267839536070823669433593750000000           1356.1499309587618     
   1.63245356641709804534912109375000000           1357.0115352885471     
   1.64222873747348785400390625000000000           1357.7383747104177     
   1.65200390852987766265869140625000000           1358.3301776402886     
   1.66177907958626747131347656250000000           1358.7867013942200     
   1.67155425064265727996826171875000000           1359.1077321502098     
   1.68132942169904708862304687500000000           1359.2930849024854     
   1.69110459275543689727783203125000000           1359.3426034083298     
   1.70087976381182670593261718750000000           1359.2561601274861     
   1.71065493486821651458740234375000000           1359.0336561541785     
   1.72043010592460632324218750000000000           1358.6750211417964     
   1.73020527698099613189697265625000000           1358.1802132202918     
   1.73998044803738594055175781250000000           1357.5492189063307     
   1.74975561909377574920654296875000000           1356.7820530062577     
   1.75953079015016555786132812500000000           1355.8787585119214     
   1.76930596120655536651611328125000000           1354.8394064894196     
   1.77908113226294517517089843750000000           1353.6640959608176     
   1.78885630331933498382568359375000000           1352.3529537789018     
   1.79863147437572479248046875000000000           1350.9061344950273     
   1.80840664543211460113525390625000000           1349.3238202201262     
   1.81818181648850440979003906250000000           1347.6062204789366     
   1.82795698754489421844482421875000000           1345.7535720575245     
   1.83773215860128402709960937500000000           1343.7661388441620     
   1.84750732965767383575439453125000000           1341.6442116636388     
   1.85728250071406364440917968750000000           1339.3881081050736     
   1.86705767177045345306396484375000000           1336.9981723433038     
   1.87683284282684326171875000000000000           1334.4747749539272     
   1.88660801388323307037353515625000000           1331.8183127220773     
   1.89638318493962287902832031250000000           1329.0292084450036     
   1.90615835599601268768310546875000000           1326.1079107285516     
   1.91593352705240249633789062500000000           1323.0548937776107     
   1.92570869810879230499267578125000000           1319.8706571806260     
   1.93548386916518211364746093750000000           1316.5557256882548     
   1.94525904022157192230224609375000000           1313.1106489862559     
   1.95503421127796173095703125000000000           1309.5360014627040     
   1.96480938233435153961181640625000000           1305.8323819696161     
   1.97458455339074134826660156250000000           1302.0004135790850     
   1.98435972444713115692138671875000000           1298.0407433340131     
   1.99413489550352096557617187500000000           1293.9540419935429     
   2.00391006655991077423095703125000000           1289.7410037732757     
   2.01368523761630058288574218750000000           1285.4023460803842     
   2.02346040867269039154052734375000000           1280.9388092437130     
   2.03323557972908020019531250000000000           1276.3511562389670     
   2.04301075078547000885009765625000000           1271.6401724090949     
   2.05278592184185981750488281250000000           1266.8066651799636     
   2.06256109289824962615966796875000000           1261.8514637714329     
   2.07233626395463943481445312500000000           1256.7754189039340     
   2.08211143501102924346923828125000000           1251.5794025006580     
   2.09188660606741905212402343750000000           1246.2643073854622     
   2.10166177712380886077880859375000000           1240.8310469766016     
   2.11143694818019866943359375000000000           1235.2805549763959     
   2.12121211923658847808837890625000000           1229.6137850569453     
   2.13098729029297828674316406250000000           1223.8317105419967     
   2.14076246134936809539794921875000000           1217.9353240850871     
   2.15053763240575790405273437500000000           1211.9256373440619     
   2.16031280346214771270751953125000000           1205.8036806520931     
   2.17008797451853752136230468750000000           1199.5705026853079     
   2.17986314557492733001708984375000000           1193.2271701271391     
   2.18963831663131713867187500000000000           1186.7747673295203     
   2.19941348768770694732666015625000000           1180.2143959710379     
   2.20918865874409675598144531250000000           1173.5471747121560     
   2.21896382980048656463623046875000000           1166.7742388476372     
   2.22873900085687637329101562500000000           1159.8967399562705     
   2.23851417191326618194580078125000000           1152.9158455480288     
   2.24828934296965599060058593750000000           1145.8327387087772     
   2.25806451402604579925537109375000000           1138.6486177426457     
   2.26783968508243560791015625000000000           1131.3646958121892     
   2.27761485613882541656494140625000000           1123.9822005764579     
   2.28739002719521522521972656250000000           1116.5023738270909     
   2.29716519825160503387451171875000000           1108.9264711225610     
   2.30694036930799484252929687500000000           1101.2557614206869     
   2.31671554036438465118408203125000000           1093.4915267095359     
   2.32649071142077445983886718750000000           1085.6350616368368     
   2.33626588247716426849365234375000000           1077.6876731380228     
   2.34604105353355407714843750000000000           1069.6506800630311     
   2.35581622458994388580322265625000000           1061.5254128019724     
   2.36559139564633369445800781250000000           1053.3132129097960     
   2.37536656670272350311279296875000000           1045.0154327300729     
   2.38514173775911331176757812500000000           1036.6334350180114     
   2.39491690881550312042236328125000000           1028.1685925628315     
   2.40469207987189292907714843750000000           1019.6222878096185     
   2.41446725092828273773193359375000000           1010.9959124807689     
   2.42424242198467254638671875000000000           1002.2908671971579     
   2.43401759304106235504150390625000000           993.50856109914184     
   2.44379276409745216369628906250000000           984.65041146751469     
   2.45356793515384197235107421875000000           975.71784334454082     
   2.46334310621023178100585937500000000           966.71228915517918     
   2.47311827726662158966064453125000000           957.63518832861701     
   2.48289344832301139831542968750000000           948.48798692023297     
   2.49266861937940120697021484375000000           939.27213723409955     
   2.50244379043579101562500000000000000           929.98909744615071     
   2.51221896149218082427978515625000000           920.64033122812043     
   2.52199413254857063293457031250000000           911.22730737237271     
   2.53176930360496044158935546875000000           901.75149941773554     
   2.54154447466135025024414062500000000           892.21438527645057     
   2.55131964571774005889892578125000000           882.61744686235158     
   2.56109481677412986755371093750000000           872.96216972038678     
   2.57086998783051967620849609375000000           863.25004265758810     
   2.58064515888690948486328125000000000           853.48255737560419     
   2.59042032994329929351806640625000000           843.66120810490384     
   2.60019550099968910217285156250000000           833.78749124075557     
   2.60997067205607891082763671875000000           823.86290498109247     
   2.61974584311246871948242187500000000           813.88894896636839     
   2.62952101416885852813720703125000000           803.86712392150821     
   2.63929618522524833679199218750000000           793.79893130005735     
   2.64907135628163814544677734375000000           783.68587293063342     
   2.65884652733802795410156250000000000           773.52945066577831     
   2.66862169839441776275634765625000000           763.33116603331723     
   2.67839686945080757141113281250000000           753.09251989031384     
   2.68817204050719738006591796875000000           742.81501207972997     
   2.69794721156358718872070312500000000           732.50014108987705     
   2.70772238261997699737548828125000000           722.14940371676050     
   2.71749755367636680603027343750000000           711.76429472940799     
   2.72727272473275661468505859375000000           701.34630653827253     
   2.73704789578914642333984375000000000           690.89692886680518     
   2.74682306684553623199462890625000000           680.41764842628368     
   2.75659823790192604064941406250000000           669.90994859398381     
   2.76637340895831584930419921875000000           659.37530909478664     
   2.77614858001470565795898437500000000           648.81520568629674     
   2.78592375107109546661376953125000000           638.23110984756192     
   2.79569892212748527526855468750000000           627.62448847147584     
   2.80547409318387508392333984375000000           616.99680356093950     
   2.81524926424026489257812500000000000           606.34951192886354     
   2.82502443529665470123291015625000000           595.68406490208883     
   2.83479960635304450988769531250000000           585.00190802929808     
   2.84457477740943431854248046875000000           574.30448079299322     
   2.85434994846582412719726562500000000           563.59321632561216     
   2.86412511952221393585205078125000000           552.86954112985177     
   2.87390029057860374450683593750000000           542.13487480326853     
   2.88367546163499355316162109375000000           531.39062976722153     
   2.89345063269138336181640625000000000           520.63821100022335     
   2.90322580374777317047119140625000000           509.87901577576389     
   2.91300097480416297912597656250000000           499.11443340466309     
   2.92277614586055278778076171875000000           488.34584498201855     
   2.93255131691694259643554687500000000           477.57462313880023     
   2.94232648797333240509033203125000000           466.80213179815166     
   2.95210165902972221374511718750000000           456.02972593644893     
   2.96187683008611202239990234375000000           445.25875134916998     
   2.97165200114250183105468750000000000           434.49054442162623     
   2.98142717219889163970947265625000000           423.72643190460110     
   2.99120234325528144836425781250000000           412.96773069494373     
   3.00097751431167125701904296875000000           402.21574762116347     
   3.01075268536806106567382812500000000           391.47177923406252     
   3.02052785642445087432861328125000000           380.73711160245284     
   3.03030302748084068298339843750000000           370.01302011399258     
   3.04007819853723049163818359375000000           359.30076928117529     
   3.04985336959362030029296875000000000           348.60161255251444     
   3.05962854065001010894775390625000000           337.91679212894746     
   3.06940371170639991760253906250000000           327.24753878549302     
   3.07917888276278972625732421875000000           316.59507169819051     
   3.08895405381917953491210937500000000           305.96059827634684     
   3.09872922487556934356689453125000000           295.34531400011349     
   3.10850439593195915222167968750000000           284.75040226342060     
   3.11827956698834896087646484375000000           274.17703422228215     
   3.12805473804473876953125000000000000           263.62636864849446     
   3.13782990910112857818603515625000000           253.09955178874498     
   3.14760508015751838684082031250000000           242.59771722913945     
   3.15738025121390819549560546875000000           232.12198576516823     
   3.16715542227029800415039062500000000           221.67346527711493     
   3.17693059332668781280517578125000000           211.25325061091667     
   3.18670576438307762145996093750000000           200.86242346448580     
   3.19648093543946743011474609375000000           190.50205227949186     
   3.20625610649585723876953125000000000           180.17319213860821     
   3.21603127755224704742431640625000000           169.87688466822453     
   3.22580644860863685607910156250000000           159.61415794662025     
   3.23558161966502666473388671875000000           149.38602641759587     
   3.24535679072141647338867187500000000           139.19349080955885     
   3.25513196177780628204345703125000000           129.03753806004977     
   3.26490713283419609069824218750000000           118.91914124570599     
   3.27468230389058589935302734375000000           108.83925951764400     
   3.28445747494697570800781250000000000           98.798838042252896     
   3.29423264600336551666259765625000000           88.798807947376417     
   3.30400781705975532531738281250000000           78.840086273871862     
   3.31378298811614513397216796875000000           68.923575932521430     
   3.32355815917253494262695312500000000           59.050165666275689     
   3.33333333022892475128173828125000000           49.220730017807455     
   3.34310850128531455993652343750000000           39.436129302347467     
   3.35288367234170436859130859375000000           29.697209585774544     
   3.36265884339809417724609375000000000           20.004802667935792     
   3.37243401445448398590087890625000000           10.359726071157752     
   3.38220918551087379455566406250000000          0.76278303392234648     
   3.39198435656726360321044921875000000          -8.7852374903305872     
   3.40175952762365341186523437500000000          -18.283560829310431     
   3.41153469868004322052001953125000000          -27.731426582930112     
   3.42130986973643302917480468750000000          -37.128088609348197     
   3.43108504079282283782958984375000000          -46.472815006041969     
   3.44086021184921264648437500000000000          -55.764888085952180     
   3.45063538290560245513916015625000000          -65.003604348748354     
   3.46041055396199226379394531250000000          -74.188274447258891     
   3.47018572501838207244873046875000000          -83.318223149115397     
   3.47996089607477188110351562500000000          -92.392789293663895     
   3.48973606713116168975830078125000000          -101.41132574419021     
   3.49951123818755149841308593750000000          -110.37319933551737     
   3.50928640924394130706787109375000000          -119.27779081702954     
   3.51906158030033111572265625000000000          -128.12449479117521     
   3.52883675135672092437744140625000000          -136.91271964751388     
   3.53861192241311073303222656250000000          -145.64188749236098     
   3.54838709346950054168701171875000000          -154.31143407409559     
   3.55816226452589035034179687500000000          -162.92080870419022     
   3.56793743558228015899658203125000000          -171.46947417403055     
   3.57771260663866996765136718750000000          -179.95690666758696     
   3.58748777769505977630615234375000000          -188.38259567000841     
   3.59726294875144958496093750000000000          -196.74604387220165     
   3.60703811980783939361572265625000000          -205.04676707147121     
   3.61681329086422920227050781250000000          -213.28429406828639     
   3.62658846192061901092529296875000000          -221.45816655924875     
   3.63636363297700881958007812500000000          -229.56793902633405     
   3.64613880403339862823486328125000000          -237.61317862248148     
   3.65591397508978843688964843750000000          -245.59346505360668     
   3.66568914614617824554443359375000000          -253.50839045711700     
   3.67546431720256805419921875000000000          -261.35755927700029     
   3.68523948825895786285400390625000000          -269.14058813557637     
   3.69501465931534767150878906250000000          -276.85710570197989     
   3.70478983037173748016357421875000000          -284.50675255746546     
   3.71456500142812728881835937500000000          -292.08918105760893     
   3.72434017248451709747314453125000000          -299.60405519149185     
   3.73411534354090690612792968750000000          -307.05105043795288     
   3.74389051459729671478271484375000000          -314.42985361898883     
   3.75366568565368652343750000000000000          -321.74016275039099     
   3.76344085671007633209228515625000000          -328.98168688970492     
   3.77321602776646614074707031250000000          -336.15414598159748     
   3.78299119882285594940185546875000000          -343.25727070072196     
   3.79276636987924575805664062500000000          -350.29080229216737     
   3.80254154093563556671142578125000000          -357.25449240958176     
   3.81231671199202537536621093750000000          -364.14810295105889     
   3.82209188304841518402099609375000000          -370.97140589288074     
   3.83186705410480499267578125000000000          -377.72418312120095     
   3.84164222516119480133056640625000000          -384.40622626176850     
   3.85141739621758460998535156250000000          -391.01733650777527     
   3.86119256727397441864013671875000000          -397.55732444592712     
   3.87096773833036422729492187500000000          -404.02600988082474     
   3.88074290938675403594970703125000000          -410.42322165775170     
   3.89051808044314384460449218750000000          -416.74879748396097     
   3.90029325149953365325927734375000000          -423.00258374855508     
   3.91006842255592346191406250000000000          -429.18443534105103     
   3.91984359361231327056884765625000000          -435.29421546872834     
   3.92961876466870307922363281250000000          -441.33179547284948     
   3.93939393572509288787841796875000000          -447.29705464385262     
   3.94916910678148269653320312500000000          -453.18988003560617     
   3.95894427783787250518798828125000000          -459.01016627882433     
   3.96871944889426231384277343750000000          -464.75781539373395     
   3.97849461995065212249755859375000000          -470.43273660209235     
   3.98826979100704193115234375000000000          -476.03484613864504     
   3.99804496206343173980712890625000000          -481.56406706212550     
   4.00782013311982154846191406250000000          -487.02032906588164     
   4.01759530417621135711669921875000000          -492.40356828823388     
   4.02737047523260116577148437500000000          -497.71372712265145     
   4.03714564628899097442626953125000000          -502.95075402784340     
   4.04692081734538078308105468750000000          -508.11460333785936     
   4.05669598840177059173583984375000000          -513.20523507229291     
   4.06647115945816040039062500000000000          -518.22261474667698     
   4.07624633051455020904541015625000000          -523.16671318317151     
   4.08602150157094001770019531250000000          -528.03750632162792     
   4.09579667262732982635498046875000000          -532.83497503112881     
   4.10557184368371963500976562500000000          -537.55910492208898     
   4.11534701474010944366455078125000000          -542.20988615901342     
   4.12512218579649925231933593750000000          -546.78731327399873     
   4.13489735685288906097412109375000000          -551.29138498107341     
   4.14467252790927886962890625000000000          -555.72210399145706     
   4.15444769896566867828369140625000000          -560.07947682983763     
   4.16422287002205848693847656250000000          -564.36351365174892     
   4.17399804107844829559326171875000000          -568.57422806213481     
   4.18377321213483810424804687500000000          -572.71163693519043     
   4.19354838319122791290283203125000000          -576.77576023556298     
   4.20332355424761772155761718750000000          -580.76662084099939     
   4.21309872530400753021240234375000000          -584.68424436652390     
   4.22287389636039733886718750000000000          -588.52865899022754     
   4.23264906741678714752197265625000000          -592.29989528075566     
   4.24242423847317695617675781250000000          -595.99798602656983     
   4.25219940952956676483154296875000000          -599.62296606706991     
   4.26197458058595657348632812500000000          -603.17487212565106     
   4.27174975164234638214111328125000000          -606.65374264477759     
   4.28152492269873619079589843750000000          -610.05961762314928     
   4.29130009375512599945068359375000000          -613.39253845503731     
   4.30107526481151580810546875000000000          -616.65254777186465     
   4.31085043586790561676025390625000000          -619.83968928610386     
   4.32062560692429542541503906250000000          -622.95400763756834     
   4.33040077798068523406982421875000000          -625.99554824216648     
   4.34017594903707504272460937500000000          -628.96435714318750     
   4.34995112009346485137939453125000000          -631.86048086519168     
   4.35972629114985466003417968750000000          -634.68396627057302     
   4.36950146220624446868896484375000000          -637.43486041885728     
   4.37927663326263427734375000000000000          -640.11321042880263     
   4.38905180431902408599853515625000000          -642.71906334337052     
   4.39882697537541389465332031250000000          -645.25246599762181     
   4.40860214643180370330810546875000000          -647.71346488960694     
   4.41837731748819351196289062500000000          -650.10210605430541     
   4.42815248854458332061767578125000000          -652.41843494067371     
   4.43792765960097312927246093750000000          -654.66249629186007     
   4.44770283065736293792724609375000000          -656.83433402863989     
   4.45747800171375274658203125000000000          -658.93399113612588     
   4.46725317277014255523681640625000000          -660.96150955380699     
   4.47702834382653236389160156250000000          -662.91693006896298     
   4.48680351488292217254638671875000000          -664.80029221350924     
   4.49657868593931198120117187500000000          -666.61163416431543     
   4.50635385699570178985595703125000000          -668.35099264704468     
   4.51612902805209159851074218750000000          -670.01840284355922     
   4.52590419910848140716552734375000000          -671.61389830293479     
   4.53567937016487121582031250000000000          -673.13751085612193     
   4.54545454122126102447509765625000000          -674.58927053430068     
   4.55522971227765083312988281250000000          -675.96920549095671     
   4.56500488333404064178466796875000000          -677.27734192772414     
   4.57478005439043045043945312500000000          -678.51370402402358     
   4.58455522544682025909423828125000000          -679.67831387052991     
   4.59433039650321006774902343750000000          -680.77119140650143     
   4.60410556755959987640380859375000000          -681.79235436099771     
   4.61388073861598968505859375000000000          -682.74181819801447     
   4.62365590967237949371337890625000000          -683.61959606556286     
   4.63343108072876930236816406250000000          -684.42569874871208     
   4.64320625178515911102294921875000000          -685.16013462662352     
   4.65298142284154891967773437500000000          -685.82290963359105     
   4.66275659389793872833251953125000000          -686.41402722410965     
   4.67253176495432853698730468750000000          -686.93348834198810     
   4.68230693601071834564208984375000000          -687.38129139351872     
   4.69208210706710815429687500000000000          -687.75743222471897     
   4.70185727812349796295166015625000000          -688.06190410265663     
   4.71163244917988777160644531250000000          -688.29469770086394     
   4.72140762023627758026123046875000000          -688.45580108885508     
   4.73118279129266738891601562500000000          -688.54519972574417     
   4.74095796234905719757080078125000000          -688.56287645797318     
   4.75073313340544700622558593750000000          -688.50881152115232     
   4.76050830446183681488037109375000000          -688.38298254600841     
   4.77028347551822662353515625000000000          -688.18536456844072     
   4.78005864657461643218994140625000000          -687.91593004368747     
   4.78983381763100624084472656250000000          -687.57464886458456     
   4.79960898868739604949951171875000000          -687.16148838392155     
   4.80938415974378585815429687500000000          -686.67641344087860     
   4.81915933080017566680908203125000000          -686.11938639153630     
   4.82893450185656547546386718750000000          -685.49036714344311     
   4.83870967291295528411865234375000000          -684.78931319422963     
   4.84848484396934509277343750000000000          -684.01617967424784     
   4.85826001502573490142822265625000000          -683.17091939322381     
   4.86803518608212471008300781250000000          -682.25348289089550     
   4.87781035713851451873779296875000000          -681.26381849162237     
   4.88758552819490432739257812500000000          -680.20187236293532     
   4.89736069925129413604736328125000000          -679.06758857800719     
   4.90713587030768394470214843750000000          -677.86090918201467     
   4.91691104136407375335693359375000000          -676.58177426235977     
   4.92668621242046356201171875000000000          -675.23012202272457     
   4.93646138347685337066650390625000000          -673.80588886092482     
   4.94623655453324317932128906250000000          -672.30900945052622     
   4.95601172558963298797607421875000000          -670.73941682619056     
   4.96578689664602279663085937500000000          -669.09704247271156     
   4.97556206770241260528564453125000000          -667.38181641770279     
   4.98533723875880241394042968750000000          -665.59366732789545     
   4.99511240981519222259521484375000000          -663.73252260900290     
   5.00488758087158203125000000000000000          -661.79830850910935     
   5.01466275192797183990478515625000000          -659.79095022553520     
   5.02443792298436164855957031250000000          -657.71037201513104     
   5.03421309404075145721435546875000000          -655.55649730795358     
   5.04398826509714126586914062500000000          -653.32924882426812     
   5.05376343615353107452392578125000000          -651.02854869483099     
   5.06353860720992088317871093750000000          -648.65431858439388     
   5.07331377826631069183349609375000000          -646.20647981837533     
   5.08308894932270050048828125000000000          -643.68495351264369     
   5.09286412037909030914306640625000000          -641.08966070635302     
   5.10263929143548011779785156250000000          -638.42052249777043     
   5.11241446249186992645263671875000000          -635.67746018303535     
   5.12218963354825973510742187500000000          -632.86039539778767     
   5.13196480460464954376220703125000000          -629.96925026159977     
   5.14173997566103935241699218750000000          -627.00394752514887     
   5.15151514671742916107177734375000000          -623.96441072006144     
   5.16129031777381896972656250000000000          -620.85056431135990     
   5.17106548883020877838134765625000000          -617.66233385244891     
   5.18084065988659858703613281250000000          -614.39964614256121     
   5.19061583094298839569091796875000000          -611.06242938659943     
   5.20039100199937820434570312500000000          -607.65061335729592     
   5.21016617305576801300048828125000000          -604.16412955961709     
   5.21994134411215782165527343750000000          -600.60291139734204     
   5.22971651516854763031005859375000000          -596.96689434172822     
   5.23949168622493743896484375000000000          -593.25601610219746     
   5.24926685728132724761962890625000000          -589.47021679895988     
   5.25904202833771705627441406250000000          -585.60943913749020     
   5.26881719939410686492919921875000000          -581.67362858478828     
   5.27859237045049667358398437500000000          -577.66273354732812     
   5.28836754150688648223876953125000000          -573.57670555062327     
   5.29814271256327629089355468750000000          -569.41549942032179     
   5.30791788361966609954833984375000000          -565.17907346474385     
   5.31769305467605590820312500000000000          -560.86738965877930     
   5.32746822573244571685791015625000000          -556.48041382906149     
   5.33724339678883552551269531250000000          -552.01811584032316     
   5.34701856784522533416748046875000000          -547.48046978285618     
   5.35679373890161514282226562500000000          -542.86745416097881     
   5.36656890995800495147705078125000000          -538.17905208242564     
   5.37634408101439476013183593750000000          -533.41525144857223     
   5.38611925207078456878662109375000000          -528.57604514539730     
   5.39589442312717437744140625000000000          -523.66143123509960     
   5.40566959418356418609619140625000000          -518.67141314827495     
   5.41544476523995399475097656250000000          -513.60599987655826     
   5.42521993629634380340576171875000000          -508.46520616564425     
   5.43499510735273361206054687500000000          -503.24905270858898     
   5.44477027840912342071533203125000000          -497.95756633930267     
   5.45454544946551322937011718750000000          -492.59078022613863     
   5.46432062052190303802490234375000000          -487.14873406548253     
   5.47409579157829284667968750000000000          -481.63147427525251     
   5.48387096263468265533447265625000000          -476.03905418821131     
   5.49364613369107246398925781250000000          -470.37153424499746     
   5.50342130474746227264404296875000000          -464.62898218678259     
   5.51319647580385208129882812500000000          -458.81147324745399     
   5.52297164686024188995361328125000000          -452.91909034523616     
   5.53274681791663169860839843750000000          -446.95192427364714     
   5.54252198897302150726318359375000000          -440.91007389170085     
   5.55229716002941131591796875000000000          -434.79364631325672     
   5.56207233108580112457275390625000000          -428.60275709542378     
   5.57184750214219093322753906250000000          -422.33753042592122     
   5.58162267319858074188232421875000000          -415.99809930930252     
   5.59139784425497055053710937500000000          -409.58460575194960     
   5.60117301531136035919189453125000000          -403.09720094573635     
   5.61094818636775016784667968750000000          -396.53604545027611     
   5.62072335742413997650146484375000000          -389.90130937364989     
   5.63049852848052978515625000000000000          -383.19317255152674     
   5.64027369953691959381103515625000000          -376.41182472458257     
   5.65004887059330940246582031250000000          -369.55746571412016     
   5.65982404164969921112060546875000000          -362.63030559580312     
   5.66959921270608901977539062500000000          -355.63056487140642     
   5.67937438376247882843017578125000000          -348.55847463849358     
   5.68914955481886863708496093750000000          -341.41427675793096     
   5.69892472587525844573974609375000000          -334.19822401914490     
   5.70869989693164825439453125000000000          -326.91058030303202     
   5.71847506798803806304931640625000000          -319.55162074243663     
   5.72825023904442787170410156250000000          -312.12163188010067     
   5.73802541010081768035888671875000000          -304.62091182400206     
   5.74780058115720748901367187500000000          -297.04977039999130     
   5.75757575221359729766845703125000000          -289.40852930164152     
   5.76735092326998710632324218750000000          -281.69752223722514     
   5.77712609432637691497802734375000000          -273.91709507372912     
   5.78690126538276672363281250000000000          -266.06760597782863     
   5.79667643643915653228759765625000000          -258.14942555373597     
   5.80645160749554634094238281250000000          -250.16293697783442     
   5.81622677855193614959716796875000000          -242.10853613002689     
   5.82600194960832595825195312500000000          -233.98663172170859     
   5.83577712066471576690673828125000000          -225.79764542029056     
   5.84555229172110557556152343750000000          -217.54201197019319     
   5.85532746277749538421630859375000000          -209.22017931023129     
   5.86510263383388519287109375000000000          -200.83260868731566     
   5.87487780489027500152587890625000000          -192.37977476639833     
   5.88465297594666481018066406250000000          -183.86216573658021     
   5.89442814700305461883544921875000000          -175.28028341331787     
   5.90420331805944442749023437500000000          -166.63464333665024     
   5.91397848911583423614501953125000000          -157.92577486537795     
   5.92375366017222404479980468750000000          -149.15422126712872     
   5.93352883122861385345458984375000000          -140.32053980423581     
   5.94330400228500366210937500000000000          -131.42530181536677     
   5.95307917334139347076416015625000000          -122.46909279283977     
   5.96285434439778327941894531250000000          -113.45251245555698     
   5.97262951545417308807373046875000000          -104.37617481750067     
   5.98240468651056289672851562500000000          -95.240708251726119     
   5.99217985756695270538330078125000000          -86.046755549795876     
   6.00195502862334251403808593750000000          -76.794973976594974     
   6.01173019967973232269287109375000000          -67.486035320472411     
   6.02150537073612213134765625000000000          -58.120625938655564     
   6.03128054179251194000244140625000000          -48.699446797882388     
   6.04105571284890174865722656250000000          -39.223213510201845     
   6.05083088390529155731201171875000000          -29.692656363893093     
   6.06060605496168136596679687500000000          -20.108520349453670     
   6.07038122601807117462158203125000000          -10.471565180613084     
   6.08015639707446098327636718750000000         -0.78256531032536714     
   6.08993156813085079193115234375000000           8.9576900583010683     
   6.09970673918724060058593750000000000           18.748396966179143     
   6.10948191024363040924072265625000000           28.588736697559739     
   6.11925708130002021789550781250000000           38.477875784532216     
   6.12903225235641002655029296875000000           48.414966016740095     
   6.13880742341279983520507812500000000           58.399144456346107     
   6.14858259446918964385986328125000000           68.429533458283572     
   6.15835776552557945251464843750000000           78.505240695814905     
   6.16813293658196926116943359375000000           88.625359191436814     
   6.17790810763835906982421875000000000           98.788967353149587     
   6.18768327869474887847900390625000000           108.99512901611809     
   6.19745844975113868713378906250000000           119.24289348975014     
   6.20723362080752849578857421875000000           129.53129561020637     
   6.21700879186391830444335937500000000           139.85935579836791     
   6.22678396292030811309814453125000000           150.22608012327180     
   6.23655913397669792175292968750000000           160.63046037103368     
   6.24633430503308773040771484375000000           171.07147411926792     
   6.25610947608947753906250000000000000           181.54808481701866     
   6.26588464714586734771728515625000000           192.05924187020696     
   6.27565981820225715637207031250000000           202.60388073260549     
   6.28543498925864696502685546875000000           213.18092300234071     
   6.29521016031503677368164062500000000           223.78927652393020     
   6.30498533137142658233642578125000000           234.42783549585283     
   6.31476050242781639099121093750000000           245.09548058365118     
   6.32453567348420619964599609375000000           255.79107903856413     
   6.33431084454059600830078125000000000           266.51348482168288     
   6.34408601559698581695556640625000000           277.26153873362483     
   6.35386118665337562561035156250000000           288.03406854971422     
   6.36363635770976543426513671875000000           298.82988916066012     
   6.37341152876615524291992187500000000           309.64780271871541     
   6.38318669982254505157470703125000000           320.48659878930596     
   6.39296187087893486022949218750000000           331.34505450810747     
   6.40273704193532466888427734375000000           342.22193474355430     
   6.41251221299171447753906250000000000           353.11599226475630     
   6.42228738404810428619384765625000000           364.02596791480175     
   6.43206255510449409484863281250000000           374.95059078942029     
   6.44183772616088390350341796875000000           385.88857842097616     
   6.45161289721727371215820312500000000           396.83863696776723     
   6.46138806827366352081298828125000000           407.79946140859113     
   6.47116323933005332946777343750000000           418.76973574255123     
   6.48093841038644313812255859375000000           429.74813319406252     
   6.49071358144283294677734375000000000           440.73331642302173     
   6.50048875249922275543212890625000000           451.72393774010084     
   6.51026392355561256408691406250000000           462.71863932712432     
   6.52003909461200237274169921875000000           473.71605346248248     
   6.52981426566839218139648437500000000           484.71480275154033     
   6.53958943672478199005126953125000000           495.71350036199033     
   6.54936460778117179870605468750000000           506.71075026410176     
   6.55913977883756160736083984375000000           517.70514747581399     
   6.56891494989395141601562500000000000           528.69527831262099     
   6.57869012095034122467041015625000000           539.67972064219271     
   6.58846529200673103332519531250000000           550.65704414367337     
   6.59824046306312084197998046875000000           561.62581057160082     
   6.60801563411951065063476562500000000           572.58457402438489     
   6.61779080517590045928955078125000000           583.53188121727987     
   6.62756597623229026794433593750000000           594.46627175979143     
   6.63734114728868007659912109375000000           605.38627843744666     
   6.64711631834506988525390625000000000           616.29042749786277     
   6.65689148940145969390869140625000000           627.17723894104074     
   6.66666666045784950256347656250000000           638.04522681381786     
   6.67644183151423931121826171875000000           648.89289950839986     
   6.68621700257062911987304687500000000           659.71876006490197     
   6.69599217362701892852783203125000000           670.52130647781837     
   6.70576734468340873718261718750000000           681.29903200634681     
   6.71554251573979854583740234375000000           692.05042548848280     
   6.72531768679618835449218750000000000           702.77397165880370     
   6.73509285785257816314697265625000000           713.46815146986341     
   6.74486802890896797180175781250000000           724.13144241710552     
   6.75464319996535778045654296875000000           734.76231886721382     
   6.76441837102174758911132812500000000           745.35925238981258     
   6.77419354207813739776611328125000000           755.92071209242204     
   6.78396871313452720642089843750000000           766.44516495858625     
   6.79374388419091701507568359375000000           776.93107618907072     
   6.80351905524730682373046875000000000           787.37690954604943     
   6.81329422630369663238525390625000000           797.78112770017174     
   6.82306939736008644104003906250000000           808.14219258042453     
   6.83284456841647624969482421875000000           818.45856572668595     
   6.84261973947286605834960937500000000           828.72870864487174     
   6.85239491052925586700439453125000000           838.95108316457686     
   6.86217008158564567565917968750000000           849.12415179910897     
   6.87194525264203548431396484375000000           859.24637810781178     
   6.88172042369842529296875000000000000           869.31622706057146     
   6.89149559475481510162353515625000000           879.33216540440890     
   6.90127076581120491027832031250000000           889.29266203204065     
   6.91104593686759471893310546875000000           899.19618835231290     
   6.92082110792398452758789062500000000           909.04121866239063     
   6.93059627898037433624267578125000000           918.82623052159988     
   6.94037145003676414489746093750000000           928.54970512680848     
   6.95014662109315395355224609375000000           938.21012768923720     
   6.95992179214954376220703125000000000           947.80598781258641     
   6.96969696320593357086181640625000000           957.33577987237015     
   6.97947213426232337951660156250000000           966.79800339633687     
   6.98924730531871318817138671875000000           976.19116344587042     
   6.99902247637510299682617187500000000           985.51377099825049     
   7.00879764743149280548095703125000000           994.76434332965891     
   7.01857281848788261413574218750000000           1003.9414043988154     
   7.02834798954427242279052734375000000           1013.0434852311242     
   7.03812316060066223144531250000000000           1022.0691243032159     
   7.04789833165705204010009765625000000           1031.0168679277651     
   7.05767350271344184875488281250000000           1039.8852706384632     
   7.06744867376983165740966796875000000           1048.6728955750332     
   7.07722384482622146606445312500000000           1057.3783148681566     
   7.08699901588261127471923828125000000           1066.0001100242034     
   7.09677418693900108337402343750000000           1074.5368723096383     
   7.10654935799539089202880859375000000           1082.9872031349801     
   7.11632452905178070068359375000000000           1091.3497144382011     
   7.12609970010817050933837890625000000           1099.6230290674393     
   7.13587487116456031799316406250000000           1107.8057811629008     
   7.14565004222095012664794921875000000           1115.8966165378358     
   7.15542521327733993530273437500000000           1123.8941930584635     
   7.16520038433372974395751953125000000           1131.7971810227232     
   7.17497555539011955261230468750000000           1139.6042635377294     
   7.18475072644650936126708984375000000           1147.3141368958134     
   7.19452589750289916992187500000000000           1154.9255109490236     
   7.20430106855928897857666015625000000           1162.4371094819662     
   7.21407623961567878723144531250000000           1169.8476705828625     
   7.22385141067206859588623046875000000           1177.1559470127045     
   7.23362658172845840454101562500000000           1184.3607065723834     
   7.24340175278484821319580078125000000           1191.4607324676726     
   7.25317692384123802185058593750000000           1198.4548236719440     
   7.26295209489762783050537109375000000           1205.3417952864950     
   7.27272726595401763916015625000000000           1212.1204788983689     
   7.28250243701040744781494140625000000           1218.7897229355492     
   7.29227760806679725646972656250000000           1225.3483930194031     
   7.30205277912318706512451171875000000           1231.7953723142632     
   7.31182795017957687377929687500000000           1238.1295618740239     
   7.32160312123596668243408203125000000           1244.3498809856353     
   7.33137829229235649108886718750000000           1250.4552675093792     
   7.34115346334874629974365234375000000           1256.4446782158104     
   7.35092863440513610839843750000000000           1262.3170891192451     
   7.36070380546152591705322265625000000           1268.0714958076865     
   7.37047897651791572570800781250000000           1273.7069137690657     
   7.38025414757430553436279296875000000           1279.2223787136936     
   7.39002931863069534301757812500000000           1284.6169468928015     
   7.39980448968708515167236328125000000           1289.8896954130680     
   7.40957966074347496032714843750000000           1295.0397225470140     
   7.41935483179986476898193359375000000           1300.0661480391591     
   7.42913000285625457763671875000000000           1304.9681134078317     
   7.43890517391264438629150390625000000           1309.7447822425224     
   7.44868034496903419494628906250000000           1314.3953404966753     
   7.45845551602542400360107421875000000           1318.9189967758105     
   7.46823068708181381225585937500000000           1323.3149826208753     
   7.47800585813820362091064453125000000           1327.5825527867196     
   7.48778102919459342956542968750000000           1331.7209855155922     
   7.49755620025098323822021484375000000           1335.7295828055596     
   7.50733137130737304687500000000000000           1339.6076706737447     
   7.51710654236376285552978515625000000           1343.3545994142919     
   7.52688171342015266418457031250000000           1346.9697438509561     
   7.53665688447654247283935546875000000           1350.4525035842232     
   7.54643205553293228149414062500000000           1353.8023032328706     
   7.55620722658932209014892578125000000           1357.0185926698668     
   7.56598239764571189880371093750000000           1360.1008472525311     
   7.57575756870210170745849609375000000           1363.0485680468512     
   7.58553273975849151611328125000000000           1365.8612820458802     
   7.59530791081488132476806640625000000           1368.5385423821235     
   7.60508308187127113342285156250000000           1371.0799285338285     
   7.61485825292766094207763671875000000           1373.4850465250961     
   7.62463342398405075073242187500000000           1375.7535291197355     
   7.63440859504044055938720703125000000           1377.8850360087754     
   7.64418376609683036804199218750000000           1379.8792539915623     
   7.65395893715322017669677734375000000           1381.7358971503611     
   7.66373410820960998535156250000000000           1383.4547070183899     
   7.67350927926599979400634765625000000           1385.0354527412153     
   7.68328445032238960266113281250000000           1386.4779312314354     
   7.69305962137877941131591796875000000           1387.7819673165823     
   7.70283479243516921997070312500000000           1388.9474138801793     
   7.71260996349155902862548828125000000           1389.9741519958852     
   7.72238513454794883728027343750000000           1390.8620910546642     
   7.73216030560433864593505859375000000           1391.6111688849214     
   7.74193547666072845458984375000000000           1392.2213518655406     
   7.75171064771711826324462890625000000           1392.6926350317738     
   7.76148581877350807189941406250000000           1393.0250421739215     
   7.77126098982989788055419921875000000           1393.2186259287546     
   7.78103616088628768920898437500000000           1393.2734678636266     
   7.79081133194267749786376953125000000           1393.1896785532253     
   7.80058650299906730651855468750000000           1392.9673976489219     
   7.81036167405545711517333984375000000           1392.6067939406666     
   7.82013684511184692382812500000000000           1392.1080654113962     
   7.82991201616823673248291015625000000           1391.4714392839087     
   7.83968718722462654113769531250000000           1390.6971720601655     
   7.84946235828101634979248046875000000           1389.7855495529936     
   7.85923752933740615844726562500000000           1388.7368869101456     
   7.86901270039379596710205078125000000           1387.5515286306900     
   7.87878787145018577575683593750000000           1386.2298485737078     
   7.88856304250657558441162109375000000           1384.7722499592585     
   7.89833821356296539306640625000000000           1383.1791653616006     
   7.90811338461935520172119140625000000           1381.4510566946410     
   7.91788855567574501037597656250000000           1379.5884151895941     
   7.92766372673213481903076171875000000           1377.5917613648312     
   7.93743889778852462768554687500000000           1375.4616449879109     
   7.94721406884491443634033203125000000           1373.1986450297700     
   7.95698923990130424499511718750000000           1370.8033696110747     
   7.96676441095769405364990234375000000           1368.2764559407124     
   7.97653958201408386230468750000000000           1365.6185702464302     
   7.98631475307047367095947265625000000           1362.8304076976092     
   7.99608992412686347961425781250000000           1359.9126923201748     
   8.00586509518325328826904296875000000           1356.8661769036510     
   8.01564026623964309692382812500000000           1353.6916429003522     
   8.02541543729603290557861328125000000           1350.3899003167303     
   8.03519060835242271423339843750000000           1346.9617875968770     
   8.04496577940881252288818359375000000           1343.4081714981953     
   8.05474095046520233154296875000000000           1339.7299469592576     
   8.06451612152159214019775390625000000           1335.9280369598616     
   8.07429129257798194885253906250000000           1332.0033923733045     
   8.08406646363437175750732421875000000           1327.9569918108932     
   8.09384163469076156616210937500000000           1323.7898414587239     
   8.10361680574715137481689453125000000           1319.5029749067394     
   8.11339197680354118347167968750000000           1315.0974529701102     
   8.12316714785993099212646484375000000           1310.5743635029580     
   8.13294231891632080078125000000000000           1305.9348212044574     
   8.14271748997271060943603515625000000           1301.1799674173535     
   8.15249266102910041809082031250000000           1296.3109699189290     
   8.16226783208549022674560546875000000           1291.3290227044631     
   8.17204300314188003540039062500000000           1286.2353457632237     
   8.18181817419826984405517578125000000           1281.0311848470371     
   8.19159334525465965270996093750000000           1275.7178112314832     
   8.20136851631104946136474609375000000           1270.2965214697631     
   8.21114368736743927001953125000000000           1264.7686371392915     
   8.22091885842382907867431640625000000           1259.1355045810710     
   8.23069402948021888732910156250000000           1253.3984946318974     
   8.24046920053660869598388671875000000           1247.5590023494610     
   8.25024437159299850463867187500000000           1241.6184467303990     
   8.26001954264938831329345703125000000           1235.5782704213671     
   8.26979471370577812194824218750000000           1229.4399394231912     
   8.27956988476216793060302734375000000           1223.2049427881655     
   8.28934505581855773925781250000000000           1216.8747923105716     
   8.29912022687494754791259765625000000           1210.4510222104866     
   8.30889539793133735656738281250000000           1203.9351888109504     
   8.31867056898772716522216796875000000           1197.3288702085774     
   8.32844574004411697387695312500000000           1190.6336659376800     
   8.33822091110050678253173828125000000           1183.8511966279900     
   8.34799608215689659118652343750000000           1176.9831036560608     
   8.35777125321328639984130859375000000           1170.0310487904289     
   8.36754642426967620849609375000000000           1162.9967138306251     
   8.37732159532606601715087890625000000           1155.8818002401240     
   8.38709676638245582580566406250000000           1148.6880287733179     
   8.39687193743884563446044921875000000           1141.4171390966098     
   8.40664710849523544311523437500000000           1134.0708894037207     
   8.41642227955162525177001953125000000           1126.6510560253028     
   8.42619745060801506042480468750000000           1119.1594330329601     
   8.43597262166440486907958984375000000           1111.5978318377734     
   8.44574779272079467773437500000000000           1103.9680807834325     
   8.45552296377718448638916015625000000           1096.2720247340781     
   8.46529813483357429504394531250000000           1088.5115246569578     
   8.47507330588996410369873046875000000           1080.6884572000026     
   8.48484847694635391235351562500000000           1072.8047142644341     
   8.49462364800274372100830078125000000           1064.8622025725072     
   8.50439881905913352966308593750000000           1056.8628432305086     
   8.51417399011552333831787109375000000           1048.8085712871130     
   8.52394916117191314697265625000000000           1040.7013352872216     
   8.53372433222830295562744140625000000           1032.5430968213927     
   8.54349950328469276428222656250000000           1024.3358300709833     
   8.55327467434108257293701171875000000           1016.0815213491262     
   8.56304984539747238159179687500000000           1007.7821686376515     
   8.57282501645386219024658203125000000           999.43978112008710     
   8.58260018751025199890136718750000000           991.05637871085332     
   8.59237535856664180755615234375000000           982.63399158077982     
   8.60215052962303161621093750000000000           974.17465967906651     
   8.61192570067942142486572265625000000           965.68043225182271     
   8.62170087173581123352050781250000000           957.15336735730546     
   8.63147604279220104217529296875000000           948.59553137798991     
   8.64125121384859085083007812500000000           940.00899852960356     
   8.65102638490498065948486328125000000           931.39585036725202     
   8.66080155596137046813964843750000000           922.75817528877337     
   8.67057672701776027679443359375000000           914.09806803545234     
   8.68035189807415008544921875000000000           905.41762919022744     
   8.69012706913053989410400390625000000           896.71896467353190     
   8.69990224018692970275878906250000000           888.00418523689814     
   8.70967741124331951141357421875000000           879.27540595447090     
   8.71945258229970932006835937500000000           870.53474571255731     
   8.72922775335609912872314453125000000           861.78432669736253     
   8.73900292441248893737792968750000000           853.02627388104520     
   8.74877809546887874603271484375000000           844.26271450623358     
   8.75855326652526855468750000000000000           835.49577756914323     
   8.76832843758165836334228515625000000           826.72759330144117     
   8.77810360863804817199707031250000000           817.96029265099185     
   8.78787877969443798065185546875000000           809.19600676163498     
   8.79765395075082778930664062500000000           800.43686645213188     
   8.80742912180721759796142578125000000           791.68500169442916     
   8.81720429286360740661621093750000000           782.94254109137842     
   8.82697946391999721527099609375000000           774.21161135406192     
   8.83675463497638702392578125000000000           765.49433677886191     
   8.84652980603277683258056640625000000           756.79283872442534     
   8.85630497708916664123535156250000000           748.10923508866335     
   8.86608014814555644989013671875000000           739.44563978593396     
   8.87585531920194625854492187500000000           730.80416222455062     
   8.88563049025833606719970703125000000           722.18690678476457     
   8.89540566131472587585449218750000000           713.59597229736414     
   8.90518083237111568450927734375000000           705.03345152303791     
   8.91495600342750549316406250000000000           696.50143063264409     
   8.92473117448389530181884765625000000           688.00198868853647     
   8.93450634554028511047363281250000000           679.53719712708448     
   8.94428151659667491912841796875000000           671.10911924254015     
   8.95405668765306472778320312500000000           662.71980967238960     
   8.96383185870945453643798828125000000           654.37131388433841     
   8.97360702976584434509277343750000000           646.06566766507069     
   8.98338220082223415374755859375000000           637.80489661092861     
   8.99315737187862396240234375000000000           629.59101562065348     
   9.00293254293501377105712890625000000           621.42602839033225     
   9.01270771399140357971191406250000000           613.31192691069009     
   9.02248288504779338836669921875000000           605.25069096687207     
   9.03225805610418319702148437500000000           597.24428764085462     
   9.04203322716057300567626953125000000           589.29467081662619     
   9.05180839821696281433105468750000000           581.40378068827795     
   9.06158356927335262298583984375000000           573.57354327114331     
   9.07135874032974243164062500000000000           565.80586991612313     
   9.08113391138613224029541015625000000           558.10265682733632     
   9.09090908244252204895019531250000000           550.46578458322961     
   9.10068425349891185760498046875000000           542.89711766128517     
   9.11045942455530166625976562500000000           535.39850396645795     
   9.12023459561169147491455078125000000           527.97177436347806     
   9.13000976666808128356933593750000000           520.61874221315020     
   9.13978493772447109222412109375000000           513.34120291278418     
   9.14956010878086090087890625000000000           506.14093344088116     
   9.15933527983725070953369140625000000           499.01969190621293     
   9.16911045089364051818847656250000000           491.97921710141571     
   9.17888562195003032684326171875000000           485.02122806122958     
   9.18866079300642013549804687500000000           478.14742362550766     
   9.19843596406280994415283203125000000           471.35948200711920     
   9.20821113511919975280761718750000000           464.65906036487087     
   9.21798630617558956146240234375000000           458.04779438156737     
   9.22776147723197937011718750000000000           451.52729784733202     
   9.23753664828836917877197265625000000           445.09916224830494     
   9.24731181934475898742675781250000000           438.76495636083831     
   9.25708699040114879608154296875000000           432.52622585130308     
   9.26686216145753860473632812500000000           426.38449288162172     
   9.27663733251392841339111328125000000           420.34125572064039     
   9.28641250357031822204589843750000000           414.39798836145002     
   9.29618767462670803070068359375000000           408.55614014476959     
   9.30596284568309783935546875000000000           402.81713538849255     
   9.31573801673948764801025390625000000           397.18237302351054     
   9.32551318779587745666503906250000000           391.65322623591163     
   9.33528835885226726531982421875000000           386.23104211566067     
   9.34506352990865707397460937500000000           380.91714131185819     
   9.35483870096504688262939453125000000           375.71281769468061     
   9.36461387202143669128417968750000000           370.61933802409499     
   9.37438904307782649993896484375000000           365.63794162544627     
   9.38416421413421630859375000000000000           360.76984007200838     
   9.39393938519060611724853515625000000           356.01621687458896     
   9.40371455624699592590332031250000000           351.37822717828186     
   9.41348972730338573455810546875000000           346.85699746644690     
   9.42326489835977554321289062500000000           342.45362527200859     
   9.43304006941616535186767578125000000           338.16917889615240     
   9.44281524047255516052246093750000000           334.00469713450138     
   9.45259041152894496917724609375000000           329.96118901085123     
   9.46236558258533477783203125000000000           326.03963351853986     
   9.47214075364172458648681640625000000           322.24097936952529     
   9.48191592469811439514160156250000000           318.56614475124576     
   9.49169109575450420379638671875000000           315.01601709133013     
   9.50146626681089401245117187500000000           311.59145283022667     
   9.51124143786728382110595703125000000           308.29327720181476     
   9.52101660892367362976074218750000000           305.12228402206432     
   9.53079177998006343841552734375000000           302.07923548580231     
   9.54056695103645324707031250000000000           299.16486197164357     
   9.55034212209284305572509765625000000           296.37986185514524     
   9.56011729314923286437988281250000000           293.72490133023422     
   9.56989246420562267303466796875000000           291.20061423896266     
   9.57966763526201248168945312500000000           288.80760190963758     
   9.58944280631840229034423828125000000           286.54643300337284     
   9.59921797737479209899902343750000000           284.41764336910552     
   9.60899314843118190765380859375000000           282.42173590712071     
   9.61876831948757171630859375000000000           280.55918044112178     
   9.62854349054396152496337890625000000           278.83041359888284     
   9.63831866160035133361816406250000000           277.23583870151924     
   9.64809383265674114227294921875000000           275.77582566140518     
   9.65786900371313095092773437500000000           274.45071088877017     
   9.66764417476952075958251953125000000           273.26079720699795     
   9.67741934582591056823730468750000000           272.20635377665542     
   9.68719451688230037689208984375000000           271.28761602827075     
   9.69696968793869018554687500000000000           270.50478560387944     
   9.70674485899507999420166015625000000           269.85803030735707     
   9.71652003005146980285644531250000000           269.34748406354998     
   9.72629520110785961151123046875000000           268.97324688621802     
   9.73607037216424942016601562500000000           268.73538485479492     
   9.74584554322063922882080078125000000           268.63393009997617     
   9.75562071427702903747558593750000000           268.66888079813566     
   9.76539588533341884613037109375000000           268.84020117457209     
   9.77517105638980865478515625000000000           269.14782151558694     
   9.78494622744619846343994140625000000           269.59163818938504     
   9.79472139850258827209472656250000000           270.17151367579521     
   9.80449656955897808074951171875000000           270.88727660480197     
   9.81427174061536788940429687500000000           271.73872180387247     
   9.82404691167175769805908203125000000           272.72561035406966     
   9.83382208272814750671386718750000000           273.84766965493185     
   9.84359725378453731536865234375000000           275.10459349810105     
   9.85337242484092712402343750000000000           276.49604214967621     
   9.86314759589731693267822265625000000           278.02164244126965     
   9.87292276695370674133300781250000000           279.68098786973815     
   9.88269793801009654998779296875000000           281.47363870556023     
   9.89247310906648635864257812500000000           283.39912210982681     
   9.90224828012287616729736328125000000           285.45693225981211     
   9.91202345117926597595214843750000000           287.64653048308691     
   9.92179862223565578460693359375000000           289.96734540013654     
   9.93157379329204559326171875000000000           292.41877307543956     
   9.94134896434843540191650390625000000           295.00017717696500     
   9.95112413540482521057128906250000000           297.71088914404078     
   9.96089930646121501922607421875000000           300.55020836354385     
   9.97067447751760482788085937500000000           303.51740235436154     
   9.98044964857399463653564453125000000           306.61170696007059     
   9.99022481963038444519042968750000000           309.83232654977456     
   9.99999999068677425384521484375000000           313.17843422704829     
   10.0097751617431640625000000000000000           316.64917204691852     
