              1  200.5391831149
              2  324.9521198595
              3  350.3581627191
              4   87.1613236604
              5   44.6324189415
              6   54.8320446022
              7   22.9434506595
              8   17.3852227292
              9    1.1990962467
             10   21.2271167070
             11   20.9990466390
             12    9.1970016213
             13    3.5855443163
             14    8.8548094390
             15   10.8510738814
             16   12.7132272920
             17    5.9927020584
             18    4.0956571241
             19   13.4349140950
             20    5.8645715350
             21    8.8784302886
             22   15.2126876090
             23   27.0935021489
             24    8.4056018315
             25    3.8022721042
             26   20.3063094422
             27   20.9299979472
             28    6.0795745018
             29   11.0130056247
             30   10.5027952050
             31    8.5768025479
             32   19.5416992390
             33   15.3317048248
             34   12.7311108607
             35    7.0819718181
             36   14.6286947434
             37    9.1890383388
             38    7.8109981003
             39    4.8336444809
             40   17.5790235287
             41   23.3505251042
             42   23.0020813000
             43   13.3912692874
             44    9.2083566201
             45    3.0360979149
             46    7.3980517625
             47    4.4482958542
             48    2.8121104557
             49   12.2394112231
             50   17.6908519779
             51    4.5418620282
             52   13.2964769068
             53   17.5387299319
             54   14.6672715819
             55    6.2841475749
             56    9.4209634435
             57    5.2270696329
             58   10.2858855648
             59    4.2706601019
             60    4.2183430584
             61   16.6263407707
             62   14.5135436823
             63    9.2485331993
             64   18.5274008845
             65    3.2047845370
             66    4.4739381203
             67    8.6453172599
             68    7.7966677727
             69   21.2014871623
             70    8.3712398125
             71   14.6344484819
             72    6.1339429391
             73   14.4586145730
             74   11.9030328253
             75    3.4301820568
             76   23.6527986734
             77   11.6293006209
             78   13.0832432127
             79   16.9527251679
             80   17.8053876768
             81   12.5353139394
             82   19.2382213463
             83   14.5908844624
             84   11.4632791780
             85    9.0059567698
             86    0.8914897833
             87    5.4865912933
             88   13.7704309797
             89   31.1103911018
             90   17.3178705179
             91   17.9684748979
             92   11.8683788164
             93   15.4457207382
             94   19.1705731329
             95   25.5213029908
             96   14.4698125419
             97    5.8859285644
             98   16.6499783133
             99    5.8118293387
            100   10.5595804671
            101   10.8701777776
            102   25.1477020525
            103   12.8422617167
            104   16.7651255591
            105   13.1267695868
            106   10.4470537236
            107    3.1854806978
            108    9.7783413783
            109   20.5914566014
            110   15.5389640376
            111   14.8063329708
            112   15.7133245136
            113   10.8818519016
            114   13.3496358761
            115    8.7057601075
            116   18.6269596526
            117   13.4937343044
            118    9.4991096082
            119    6.2760434889
            120   13.9266249784
            121    3.5925879146
            122   20.9632290756
            123    4.9744961133
            124   13.6574707173
            125    3.2590150199
            126    4.7249675029
            127   11.6292990129
            128   12.2363227408
            129    7.0662623832
            130   11.1830857269
            131   26.2993625970
            132   12.7183689343
            133    4.8200344123
            134   11.4897699199
            135   11.5291923086
            136   10.8284340137
            137    7.9756380208
            138   21.1865004454
            139    7.5303110986
            140   10.0705857090
            141   11.8188999802
            142   18.9952207330
            143    8.1335756974
            144    4.3796772299
            145    6.5273836452
            146    7.9351429795
            147   13.0712321294
            148   26.8916996789
            149   17.1201374452
            150   17.6039655307
            151    7.9144327945
            152    5.8521179305
            153   23.2017368505
            154   24.6695343784
            155    2.7681197691
            156   23.1982250666
            157   21.8074488089
            158   17.0035952187
            159   13.3069560906
            160    6.1456958275
            161   16.7327056868
            162    4.7247033846
            163   15.1694860813
            164   21.9274634528
            165   20.2841221066
            166    4.3825764027
            167    3.8743549333
            168    9.5907252270
            169    3.7225433823
            170   10.7178387236
            171    5.6266164686
            172   18.2673829363
            173    3.1300029907
            174    3.8615548481
            175    7.0501130481
            176    4.4366825776
            177    4.3376318031
            178   14.0932769864
            179   12.7029169109
            180   11.3555150471
            181    8.9645793492
            182    6.7043080684
            183   11.1122623624
            184   14.3367738811
            185    5.2785220140
            186    1.9341889942
            187    5.4497868946
            188   24.6871538993
            189   14.0847894515
            190   16.2828853931
            191   14.7292737424
            192   12.2194723444
            193    8.7360763485
            194    9.4894578203
            195    5.4201896694
            196   12.0942424515
            197   10.2378655846
            198    3.1192128736
            199    8.5753707435
            200   13.9875780061
            201    9.9390075277
            202    8.4468059991
            203   10.0619455322
            204    6.7614290561
            205    3.2792889588
            206    9.7584964490
            207   14.5330244846
            208    2.9778075173
            209    9.5272889381
            210   17.6918744311
            211    9.0875462872
            212   10.6451263348
            213    4.4547382630
            214   12.2224575666
            215    3.5085199198
            216    9.0281405975
            217   11.3408447305
            218    5.8742019238
            219    8.9450558341
            220    6.6824781287
            221   14.9761645558
            222    8.9311133733
            223    3.8506017934
            224   15.0980013308
            225    8.7860521847
            226   15.7549768379
            227   10.7346036371
            228   15.8416884393
            229   13.2355756205
            230   11.4774174766
            231    3.6861646604
            232    4.6330822426
            233    8.4876638095
            234   13.2178814866
            235    8.8366964634
            236   12.6783776851
            237   29.9328263657
            238   14.8210526923
            239   11.4187225641
            240    5.0767459583
            241    3.5681341151
            242    5.9664428109
            243   12.9308767915
            244   18.4973518971
            245    4.7334042074
            246   10.0308692553
            247    5.6776084335
            248    6.7487945677
            249   13.8492938408
            250    7.6327666659
            251   12.4907463466
            252    7.4694271173
            253   21.9120313565
            254    6.0659075190
            255    6.9901248678
            256    3.5647517923
            257   15.0846403251
            258   20.4746472973
            259    5.6047049217
            260    2.7681855623
            261   17.6186903626
            262   14.4111787235
            263   15.8253163327
            264    4.4407903276
            265   11.8270129151
            266    9.0659794200
            267    9.4928677989
            268    8.3485810943
            269    5.9102510803
            270   14.4147816517
            271   17.1474311557
            272   23.5107554981
            273   15.8609267691
            274    8.0552660679
            275   26.9607093769
            276   10.6166662187
            277   10.2769880299
            278   11.7840480433
            279    2.0635759204
            280    4.3469248464
            281    3.0287938587
            282    1.9229030223
            283   11.5241048239
            284   25.3507985220
            285   11.6909363969
            286   16.7100672891
            287    8.8324312677
            288    3.5779062107
            289   10.9380694303
            290   13.1002849303
            291   11.1375219309
            292    2.6165441893
            293   14.0251753770
            294    6.0413579769
            295    6.6234054446
            296   16.1871697172
            297   18.0156196234
            298    9.5517140522
            299    3.9340541837
            300   13.6673517110
            301   10.5207041851
            302   24.8934114198
            303    8.2553757641
            304    4.9710187931
            305   11.7751081980
            306    7.2691468505
            307   11.4839103880
            308   15.1007362934
            309    8.0923201589
            310    9.4074902550
            311    5.8305440908
            312   26.3909183956
            313   16.5185741062
            314    5.6347201268
            315    9.1749036041
            316   19.9607239795
            317   17.2156455099
            318    6.7863915109
            319   15.6142845253
            320    6.2548694508
            321   18.1652958571
            322    9.1229604562
            323   13.9919882387
            324   15.7074120092
            325    7.0171969075
            326    3.8765850509
            327   13.2336421250
            328   15.1816911276
            329    3.6284876556
            330    4.7868876160
            331   10.1407619095
            332   11.8059370380
            333   10.9540832013
            334   19.9541910486
            335   15.5380205317
            336   23.8674929708
            337    5.8730582117
            338    4.9353840587
            339   13.6613604053
            340   21.9105324819
            341   11.6269779971
            342   10.8534408950
            343   10.2688024405
            344   15.5420737024
            345   10.2823345865
            346    6.9443960967
            347    6.9404781692
            348   13.9203504816
            349    7.9965685587
            350   17.4319112125
            351    9.3180787457
            352    3.5280158529
            353   10.3482283199
            354    8.7960629122
            355   14.5639589810
            356    8.9976468560
            357   15.4457302625
            358   18.0466304329
            359   11.2682496521
            360   10.0848955955
            361   10.9298873877
            362    8.6268627170
            363    9.2142253094
            364    5.1445483589
            365    2.9896236996
            366    8.2859636338
            367    5.0502884545
            368    6.9536708891
            369   18.0108413170
            370   10.1900444673
            371    7.5828570764
            372    9.8681256546
            373   16.9733721788
            374    2.3017831454
            375    4.6322045441
            376    5.7619081526
            377    9.9336575607
            378   20.4707348556
            379    9.0738011980
            380   10.9250279623
            381   12.6138231512
            382   21.2768632818
            383   14.4039960905
            384    9.8670753192
            385   15.6271392905
            386    5.6912410072
            387   22.7104823328
            388    4.8904760637
            389    8.6511730972
            390   10.6516850778
            391   14.2134864206
            392    7.7939262985
            393    7.6555204735
            394   13.2636994765
            395   12.7551773430
            396   12.4316113083
            397    7.5825126701
            398   24.5495007191
            399   10.4159104112
            400   11.9775751290
            401    9.8683693156
            402    8.5880069380
            403    9.1384097765
            404   21.7536381719
            405    7.0631297790
            406   19.2013163113
            407   10.1923389555
            408   14.7467806894
            409   18.4459965541
            410    8.8405602005
            411    7.1450109260
            412   12.4274274968
            413   11.4460989729
            414   19.1974715868
            415   11.6311732250
            416   14.9741169030
            417   15.6536373063
            418    4.4602091178
            419   15.0139019580
            420   12.0124887595
            421   15.0297701502
            422   16.8186207067
            423   10.5491398223
            424    7.4306021882
            425   24.0221485448
            426   15.5366590787
            427    4.3198034152
            428   28.2997778329
            429   15.1716156614
            430    7.4693386377
            431    2.9515575025
            432    3.8405070036
            433    6.5855844575
            434    6.9848283802
            435   22.2157893321
            436   16.3346541366
            437   11.5748425175
            438   16.4745534801
            439    8.8706668016
            440   20.2609110672
            441   14.3461999646
            442    9.0360857045
            443   11.7538979229
            444    4.9445612840
            445   23.3474763916
            446    3.1346318454
            447   22.1756074671
            448    6.3802405464
            449   10.2786276971
            450    8.8259452857
            451   11.0854576420
            452   11.1439614559
            453   10.3308758140
            454   28.9493886139
            455    5.3046902180
            456   25.4547008291
            457   11.5312356025
            458   13.5892848899
            459   12.5732539865
            460   15.9184738373
            461    8.0334836477
            462   20.4743687524
            463    4.3041741322
            464   23.7800508609
            465    4.9460882901
            466   25.0110941505
            467    4.6199853913
            468   13.3584772154
            469    9.6049328622
            470    9.5122918724
            471   15.5655560751
            472    4.7365728060
            473   14.7017258730
            474   26.0450349224
            475    9.2089069943
            476    6.8297330591
            477   13.5083561924
            478   17.1202857163
            479   12.1184596954
            480   14.8274023288
            481    3.6656317807
            482    3.7927958855
            483    0.6981680024
            484   17.9523812853
            485   17.0752117439
            486   22.8271674973
            487    9.4804823761
            488   10.8726243293
            489   26.0204297864
            490    7.2110505060
            491   12.3118309734
            492    8.3873297576
            493   12.7562484457
            494   17.5948013212
            495    3.9973172747
            496    9.4980408885
            497    2.7824975553
            498   12.1179076420
            499   18.1360203856
            500   14.3285502319
            501   13.8560670669
            502   28.6130118332
            503    8.5282060111
            504   14.1757687668
            505   19.8930083219
            506    5.5088955503
            507   16.3013570506
            508   11.1107250840
            509    3.1633950383
            510    8.4874159621
            511   26.2612289323
            512   21.7489244407
            513    9.2997283643
